time,frame_2.5,id,x,z,y,v_x,v_z,v_y
0.40,1.00,1.00,1.40,0.00,-5.74,-0.33,0.00,-1.68
0.40,1.00,2.00,0.52,0.00,-7.00,0.10,0.00,-1.63
0.40,1.00,3.00,2.26,0.00,-4.55,-0.90,0.00,1.19
0.40,1.00,4.00,2.74,0.00,-2.42,0.05,0.00,1.82
0.40,1.00,5.00,-1.59,0.00,0.93,0.00,0.00,0.00
0.40,1.00,6.00,-1.72,0.00,1.32,0.00,0.00,0.00
0.40,1.00,7.00,-2.44,0.00,2.28,0.03,0.00,0.51
0.40,1.00,8.00,-1.45,0.00,-0.76,0.00,0.00,0.00
0.40,1.00,9.00,1.16,0.00,-8.60,0.05,0.00,-1.57
0.40,1.00,10.00,-0.11,0.00,-9.90,0.00,0.00,0.05
4.40,11.00,1.00,1.27,0.00,-6.42,-0.33,0.00,-1.68
4.40,11.00,2.00,0.56,0.00,-7.66,0.10,0.00,-1.63
4.40,11.00,3.00,1.90,0.00,-4.07,-0.96,0.00,1.40
4.40,11.00,4.00,2.76,0.00,-1.70,-0.02,0.00,1.77
4.40,11.00,5.00,-1.59,0.00,0.93,0.00,0.00,0.00
4.40,11.00,6.00,-1.72,0.00,1.32,0.00,0.00,0.00
4.40,11.00,7.00,-2.43,0.00,2.48,0.02,0.00,0.41
4.40,11.00,8.00,-1.45,0.00,-0.76,0.00,0.00,0.00
4.40,11.00,9.00,1.19,0.00,-9.23,0.05,0.00,-1.57
4.40,11.00,10.00,-0.11,0.00,-9.88,0.00,0.00,0.05
8.40,21.00,3.00,1.49,0.00,-3.43,-0.99,0.00,1.41
8.40,21.00,4.00,2.73,0.00,-1.00,-0.05,0.00,1.68
8.40,21.00,5.00,-1.59,0.00,0.93,0.00,0.00,0.00
8.40,21.00,6.00,-1.72,0.00,1.32,0.00,0.00,0.00
8.40,21.00,7.00,-2.42,0.00,2.61,0.08,0.00,0.45
8.40,21.00,8.00,-1.45,0.00,-0.76,0.00,0.00,0.00
12.40,31.00,3.00,1.11,0.00,-2.94,-0.84,0.00,1.28
12.40,31.00,4.00,2.73,0.00,-0.36,-0.02,0.00,1.77
12.40,31.00,5.00,-1.59,0.00,0.93,0.00,0.00,0.00
12.40,31.00,6.00,-1.72,0.00,1.32,0.00,0.00,0.00
12.40,31.00,7.00,-2.37,0.00,2.85,0.01,0.00,1.01
12.40,31.00,8.00,-1.45,0.00,-0.76,0.00,0.00,0.00
16.40,41.00,3.00,0.82,0.00,-2.41,-0.88,0.00,1.24
16.40,41.00,4.00,2.71,0.00,0.41,-0.14,0.00,1.69
16.40,41.00,5.00,-1.59,0.00,0.93,0.00,0.00,0.00
16.40,41.00,6.00,-1.72,0.00,1.32,0.00,0.00,0.00
16.40,41.00,7.00,-2.42,0.00,3.41,-0.05,0.00,1.20
16.40,41.00,8.00,-1.45,0.00,-0.76,0.00,0.00,0.00
20.40,51.00,3.00,0.41,0.00,-1.95,-0.84,0.00,1.16
20.40,51.00,4.00,2.62,0.00,1.00,-0.16,0.00,1.67
20.40,51.00,5.00,-1.59,0.00,0.93,0.00,0.00,0.00
20.40,51.00,6.00,-1.72,0.00,1.32,0.00,0.00,0.00
20.40,51.00,7.00,-2.41,0.00,3.80,0.01,0.00,0.98
20.40,51.00,8.00,-1.45,0.00,-0.76,0.00,0.00,0.00
24.40,61.00,3.00,0.15,0.00,-1.48,-0.67,0.00,1.30
24.40,61.00,4.00,2.59,0.00,1.75,-0.12,0.00,1.62
24.40,61.00,5.00,-1.59,0.00,0.93,0.00,0.00,0.00
24.40,61.00,6.00,-1.72,0.00,1.32,0.00,0.00,0.00
24.40,61.00,8.00,-1.45,0.00,-0.76,0.00,0.00,0.00
28.40,71.00,3.00,-0.13,0.00,-0.91,-0.64,0.00,1.43
28.40,71.00,4.00,2.52,0.00,2.29,-0.15,0.00,1.35
28.40,71.00,5.00,-1.59,0.00,0.93,0.00,0.00,0.00
28.40,71.00,6.00,-1.72,0.00,1.32,0.00,0.00,0.00
28.40,71.00,8.00,-1.45,0.00,-0.76,0.00,0.00,0.00
32.40,81.00,3.00,-0.37,0.00,-0.33,-0.55,0.00,1.45
32.40,81.00,5.00,-1.59,0.00,0.93,0.00,0.00,0.00
32.40,81.00,6.00,-1.72,0.00,1.32,0.00,0.00,0.00
32.40,81.00,8.00,-1.45,0.00,-0.76,0.00,0.00,0.00
36.40,91.00,3.00,-0.57,0.00,0.24,-0.53,0.00,1.40
36.40,91.00,5.00,-1.59,0.00,0.93,0.00,0.00,0.00
36.40,91.00,6.00,-1.72,0.00,1.32,0.00,0.00,0.00
36.40,91.00,8.00,-1.45,0.00,-0.76,0.00,0.00,0.00
40.40,101.00,3.00,-0.79,0.00,0.79,-0.49,0.00,1.27
40.40,101.00,5.00,-1.59,0.00,0.93,0.00,0.00,0.00
40.40,101.00,6.00,-1.72,0.00,1.32,0.02,0.00,0.00
40.40,101.00,8.00,-1.45,0.00,-0.76,0.00,0.00,0.00
44.40,111.00,3.00,-0.96,0.00,1.26,-0.53,0.00,1.33
44.40,111.00,5.00,-1.59,0.00,0.93,0.00,0.00,0.00
44.40,111.00,6.00,-1.70,0.00,1.32,0.02,0.00,0.00
44.40,111.00,8.00,-1.45,0.00,-0.76,0.00,0.00,0.00
48.40,121.00,3.00,-1.21,0.00,1.85,-0.67,0.00,1.18
48.40,121.00,5.00,-1.59,0.00,0.93,0.00,0.00,0.00
48.40,121.00,6.00,-1.70,0.00,1.32,0.00,0.00,0.00
48.40,121.00,8.00,-1.45,0.00,-0.76,0.00,0.00,0.00
52.40,131.00,3.00,-1.49,0.00,2.20,-0.69,0.00,0.88
52.40,131.00,5.00,-1.59,0.00,0.93,0.00,0.00,0.00
52.40,131.00,6.00,-1.70,0.00,1.32,0.00,0.00,0.00
52.40,131.00,8.00,-1.45,0.00,-0.76,0.00,0.00,0.00
56.40,141.00,5.00,-1.59,0.00,0.93,0.00,0.00,0.00
56.40,141.00,6.00,-1.70,0.00,1.32,0.00,0.00,0.00
56.40,141.00,8.00,-1.45,0.00,-0.76,0.00,0.00,0.00
56.40,141.00,11.00,0.40,0.00,2.90,-0.16,0.00,-1.93
56.40,141.00,12.00,1.26,0.00,2.83,0.20,0.00,-0.53
56.40,141.00,13.00,1.00,0.00,3.79,-0.28,0.00,-0.80
60.40,151.00,5.00,-1.59,0.00,0.93,0.00,0.00,0.00
60.40,151.00,6.00,-1.70,0.00,1.32,0.00,0.00,0.00
60.40,151.00,8.00,-1.45,0.00,-0.76,0.00,0.00,0.00
60.40,151.00,11.00,0.33,0.00,2.13,-0.07,0.00,-2.02
60.40,151.00,12.00,1.34,0.00,2.61,0.13,0.00,-0.62
60.40,151.00,13.00,0.88,0.00,3.47,-0.31,0.00,-0.89
64.40,161.00,5.00,-1.59,0.00,0.93,0.00,0.00,0.00
64.40,161.00,6.00,-1.70,0.00,1.32,0.00,0.00,0.00
64.40,161.00,8.00,-1.45,0.00,-0.76,0.00,0.00,0.00
64.40,161.00,11.00,0.34,0.00,1.28,0.10,0.00,-2.08
64.40,161.00,12.00,1.36,0.00,2.33,0.00,0.00,-0.85
64.40,161.00,13.00,0.75,0.00,3.08,-0.18,0.00,-1.17
68.40,171.00,5.00,-1.59,0.00,0.93,0.00,0.00,0.00
68.40,171.00,6.00,-1.70,0.00,1.32,0.00,0.00,0.00
68.40,171.00,8.00,-1.45,0.00,-0.76,-0.09,0.00,0.14
68.40,171.00,11.00,0.41,0.00,0.46,0.10,0.00,-2.08
68.40,171.00,12.00,1.34,0.00,1.94,0.03,0.00,-1.10
68.40,171.00,13.00,0.74,0.00,2.54,-0.01,0.00,-1.42
68.40,171.00,14.00,4.00,0.00,-2.35,-0.01,0.00,1.51
68.40,171.00,15.00,3.13,0.00,-2.26,0.02,0.00,1.27
68.40,171.00,16.00,3.56,0.00,-5.85,-0.35,0.00,1.90
72.40,181.00,5.00,-1.59,0.00,0.93,0.00,0.00,0.00
72.40,181.00,6.00,-1.70,0.00,1.32,0.00,0.00,0.00
72.40,181.00,8.00,-1.52,0.00,-0.64,0.00,0.00,0.00
72.40,181.00,11.00,0.42,0.00,-0.38,0.12,0.00,-2.11
72.40,181.00,12.00,1.39,0.00,1.45,0.07,0.00,-1.28
72.40,181.00,13.00,0.74,0.00,1.94,0.03,0.00,-1.51
72.40,181.00,14.00,3.99,0.00,-1.74,-0.11,0.00,1.30
72.40,181.00,15.00,3.14,0.00,-1.75,0.00,0.00,1.25
72.40,181.00,16.00,3.43,0.00,-5.10,-0.28,0.00,1.87
76.40,191.00,5.00,-1.59,0.00,0.93,0.00,0.00,0.00
76.40,191.00,6.00,-1.70,0.00,1.32,0.00,0.00,0.00
76.40,191.00,8.00,-1.45,0.00,-0.76,0.09,0.00,-0.14
76.40,191.00,11.00,0.50,0.00,-1.22,0.14,0.00,-2.08
76.40,191.00,12.00,1.40,0.00,0.91,-0.06,0.00,-1.46
76.40,191.00,13.00,0.76,0.00,1.33,0.05,0.00,-1.54
76.40,191.00,14.00,3.91,0.00,-1.30,-0.12,0.00,1.13
76.40,191.00,15.00,3.13,0.00,-1.26,-0.07,0.00,1.23
76.40,191.00,16.00,3.34,0.00,-4.36,-0.23,0.00,1.91
80.40,201.00,5.00,-1.59,0.00,0.93,0.00,0.00,0.00
80.40,201.00,6.00,-1.70,0.00,1.32,0.00,0.00,0.00
80.40,201.00,8.00,-1.45,0.00,-0.76,-0.14,0.00,0.15
80.40,201.00,11.00,0.53,0.00,-2.05,0.10,0.00,-2.08
80.40,201.00,12.00,1.34,0.00,0.29,-0.02,0.00,-1.59
80.40,201.00,13.00,0.78,0.00,0.71,0.00,0.00,-1.63
80.40,201.00,14.00,3.90,0.00,-0.84,-0.03,0.00,1.19
80.40,201.00,15.00,3.08,0.00,-0.76,-0.05,0.00,1.23
80.40,201.00,16.00,3.24,0.00,-3.56,-0.25,0.00,1.99
84.40,211.00,5.00,-1.59,0.00,0.93,0.00,0.00,0.00
84.40,211.00,6.00,-1.70,0.00,1.32,0.00,0.00,0.00
84.40,211.00,8.00,-1.56,0.00,-0.64,-0.09,0.00,0.19
84.40,211.00,11.00,0.58,0.00,-2.88,0.09,0.00,-2.18
84.40,211.00,12.00,1.38,0.00,-0.36,-0.04,0.00,-1.59
84.40,211.00,13.00,0.76,0.00,0.03,-0.05,0.00,-1.72
84.40,211.00,14.00,3.89,0.00,-0.35,-0.11,0.00,1.21
84.40,211.00,15.00,3.09,0.00,-0.27,0.04,0.00,1.17
84.40,211.00,16.00,3.14,0.00,-2.77,-0.14,0.00,2.00
88.40,221.00,5.00,-1.59,0.00,0.93,0.00,0.00,0.00
88.40,221.00,6.00,-1.70,0.00,1.32,0.00,0.00,0.00
88.40,221.00,8.00,-1.52,0.00,-0.60,0.14,0.00,-0.15
88.40,221.00,11.00,0.60,0.00,-3.79,0.23,0.00,-2.29
88.40,221.00,12.00,1.31,0.00,-0.99,-0.12,0.00,-1.68
88.40,221.00,13.00,0.74,0.00,-0.67,-0.05,0.00,-1.78
88.40,221.00,14.00,3.81,0.00,0.13,-0.11,0.00,1.21
88.40,221.00,15.00,3.12,0.00,0.18,0.02,0.00,1.17
88.40,221.00,16.00,3.13,0.00,-1.96,-0.19,0.00,2.01
92.40,231.00,5.00,-1.59,0.00,0.93,-0.02,0.00,0.00
92.40,231.00,6.00,-1.70,0.00,1.32,-0.02,0.00,0.00
92.40,231.00,8.00,-1.45,0.00,-0.76,0.09,0.00,-0.19
92.40,231.00,11.00,0.76,0.00,-4.72,0.13,0.00,-2.36
92.40,231.00,12.00,1.29,0.00,-1.70,-0.01,0.00,-1.82
92.40,231.00,13.00,0.72,0.00,-1.39,-0.06,0.00,-1.93
92.40,231.00,14.00,3.80,0.00,0.62,-0.02,0.00,1.22
92.40,231.00,15.00,3.11,0.00,0.67,0.02,0.00,1.24
92.40,231.00,16.00,2.99,0.00,-1.16,-0.34,0.00,2.11
92.40,231.00,17.00,1.43,0.00,-8.20,0.34,0.00,1.89
92.40,231.00,18.00,3.29,0.00,-6.70,0.01,0.00,1.82
96.40,241.00,5.00,-1.61,0.00,0.93,-0.02,0.00,0.00
96.40,241.00,6.00,-1.72,0.00,1.32,-0.02,0.00,0.00
96.40,241.00,8.00,-1.45,0.00,-0.76,0.00,0.00,0.00
96.40,241.00,11.00,0.71,0.00,-5.68,-0.08,0.00,-2.19
96.40,241.00,12.00,1.30,0.00,-2.45,-0.03,0.00,-1.87
96.40,241.00,13.00,0.69,0.00,-2.21,0.01,0.00,-1.99
96.40,241.00,14.00,3.79,0.00,1.10,-0.03,0.00,1.12
96.40,241.00,15.00,3.13,0.00,1.17,0.02,0.00,1.19
96.40,241.00,16.00,2.86,0.00,-0.28,-0.32,0.00,1.96
96.40,241.00,17.00,1.57,0.00,-7.44,0.30,0.00,1.96
96.40,241.00,18.00,3.29,0.00,-5.97,-0.06,0.00,1.78
100.00,251.00,5.00,-1.61,0.00,0.93,0.00,0.00,0.00
100.00,251.00,6.00,-1.72,0.00,1.32,0.00,0.00,0.00
100.00,251.00,8.00,-1.45,0.00,-0.76,0.00,0.00,0.00
100.00,251.00,11.00,0.70,0.00,-6.47,0.05,0.00,-2.08
100.00,251.00,12.00,1.26,0.00,-3.20,-0.08,0.00,-1.92
100.00,251.00,13.00,0.73,0.00,-2.98,0.00,0.00,-1.76
100.00,251.00,14.00,3.78,0.00,1.51,-0.09,0.00,1.18
100.00,251.00,15.00,3.12,0.00,1.62,-0.07,0.00,1.14
100.00,251.00,16.00,2.73,0.00,0.41,-0.31,0.00,1.79
100.00,251.00,17.00,1.67,0.00,-6.63,0.39,0.00,2.05
100.00,251.00,18.00,3.24,0.00,-5.27,-0.04,0.00,1.73
104.00,261.00,11.00,0.75,0.00,-7.34,0.14,0.00,-2.21
104.00,261.00,12.00,1.23,0.00,-3.98,-0.04,0.00,-1.93
104.00,261.00,13.00,0.69,0.00,-3.62,-0.05,0.00,-1.76
104.00,261.00,14.00,3.72,0.00,2.05,-0.09,0.00,1.23
104.00,261.00,15.00,3.07,0.00,2.08,-0.03,0.00,1.10
104.00,261.00,16.00,2.61,0.00,1.16,-0.33,0.00,1.87
104.00,261.00,17.00,1.88,0.00,-5.81,0.34,0.00,2.02
104.00,261.00,18.00,3.26,0.00,-4.59,0.00,0.00,1.77
108.00,271.00,11.00,0.81,0.00,-8.24,0.11,0.00,-2.21
108.00,271.00,12.00,1.23,0.00,-4.74,0.01,0.00,-1.93
108.00,271.00,13.00,0.69,0.00,-4.39,-0.01,0.00,-1.94
108.00,271.00,14.00,3.71,0.00,2.50,-0.03,0.00,1.14
108.00,271.00,15.00,3.10,0.00,2.51,0.06,0.00,1.09
108.00,271.00,16.00,2.47,0.00,1.91,-0.45,0.00,1.85
108.00,271.00,17.00,1.94,0.00,-5.01,0.16,0.00,2.08
108.00,271.00,18.00,3.24,0.00,-3.86,0.03,0.00,1.76
112.00,281.00,11.00,0.84,0.00,-9.11,0.07,0.00,-2.18
112.00,281.00,12.00,1.24,0.00,-5.53,0.11,0.00,-1.82
112.00,281.00,13.00,0.68,0.00,-5.17,0.03,0.00,-1.95
112.00,281.00,14.00,3.69,0.00,2.96,-0.03,0.00,1.17
112.00,281.00,15.00,3.12,0.00,2.95,0.06,0.00,1.11
112.00,281.00,16.00,2.25,0.00,2.63,-0.54,0.00,1.81
112.00,281.00,17.00,2.01,0.00,-4.14,0.12,0.00,2.15
112.00,281.00,18.00,3.28,0.00,-3.18,0.02,0.00,1.69
116.00,291.00,12.00,1.32,0.00,-6.20,0.01,0.00,-1.89
116.00,291.00,13.00,0.71,0.00,-5.95,0.06,0.00,-1.88
116.00,291.00,17.00,2.03,0.00,-3.29,-0.04,0.00,2.12
116.00,291.00,18.00,3.26,0.00,-2.51,-0.09,0.00,1.70
120.00,301.00,12.00,1.25,0.00,-7.04,-0.02,0.00,-2.01
120.00,301.00,13.00,0.73,0.00,-6.68,0.09,0.00,-1.85
120.00,301.00,17.00,1.97,0.00,-2.45,-0.11,0.00,2.15
120.00,301.00,18.00,3.21,0.00,-1.81,-0.04,0.00,1.70
124.00,311.00,12.00,1.30,0.00,-7.81,0.06,0.00,-1.89
124.00,311.00,13.00,0.78,0.00,-7.43,0.08,0.00,-2.00
124.00,311.00,17.00,1.94,0.00,-1.57,-0.07,0.00,2.09
124.00,311.00,18.00,3.22,0.00,-1.15,0.02,0.00,1.69
128.00,321.00,12.00,1.30,0.00,-8.55,-0.01,0.00,-1.86
128.00,321.00,13.00,0.79,0.00,-8.28,0.02,0.00,-2.13
128.00,321.00,17.00,1.92,0.00,-0.77,-0.05,0.00,2.04
128.00,321.00,18.00,3.23,0.00,-0.47,0.09,0.00,1.67
128.00,321.00,19.00,0.36,0.00,1.68,0.20,0.00,1.07
132.00,331.00,17.00,1.91,0.00,0.06,0.16,0.00,2.13
132.00,331.00,18.00,3.30,0.00,0.19,0.27,0.00,1.74
132.00,331.00,19.00,0.45,0.00,2.11,0.28,0.00,1.08
136.00,341.00,17.00,2.05,0.00,0.93,0.09,0.00,1.97
136.00,341.00,18.00,3.44,0.00,0.93,0.18,0.00,1.63
136.00,341.00,19.00,0.59,0.00,2.55,0.21,0.00,1.12
140.00,351.00,17.00,1.97,0.00,1.64,-0.18,0.00,1.76
140.00,351.00,18.00,3.44,0.00,1.49,-0.01,0.00,1.41
140.00,351.00,19.00,0.61,0.00,3.00,0.07,0.00,1.14
164.00,411.00,20.00,1.55,0.00,2.38,-0.18,0.00,-1.51
168.00,421.00,20.00,1.48,0.00,1.78,-0.13,0.00,-1.54
172.00,431.00,20.00,1.45,0.00,1.15,-0.16,0.00,-1.59
172.00,431.00,21.00,2.59,0.00,-6.22,-0.08,0.00,1.94
176.00,441.00,20.00,1.35,0.00,0.50,-0.21,0.00,-1.59
176.00,441.00,21.00,2.56,0.00,-5.45,-0.08,0.00,1.92
180.00,451.00,20.00,1.28,0.00,-0.13,-0.18,0.00,-1.60
180.00,451.00,21.00,2.53,0.00,-4.69,-0.15,0.00,1.85
184.00,461.00,20.00,1.21,0.00,-0.77,-0.21,0.00,-1.60
184.00,461.00,21.00,2.44,0.00,-3.97,-0.11,0.00,1.82
188.00,471.00,20.00,1.12,0.00,-1.40,-0.14,0.00,-1.61
188.00,471.00,21.00,2.44,0.00,-3.24,-0.08,0.00,1.84
188.00,471.00,23.00,2.23,0.00,-7.41,-0.13,0.00,1.85
192.00,481.00,20.00,1.10,0.00,-2.06,-0.09,0.00,-1.64
192.00,481.00,21.00,2.37,0.00,-2.50,-0.20,0.00,1.76
192.00,481.00,23.00,2.18,0.00,-6.67,-0.13,0.00,1.88
196.00,491.00,20.00,1.04,0.00,-2.72,-0.02,0.00,-1.65
196.00,491.00,21.00,2.28,0.00,-1.83,-0.16,0.00,1.75
196.00,491.00,23.00,2.13,0.00,-5.91,-0.01,0.00,1.89
200.00,501.00,20.00,1.08,0.00,-3.38,0.01,0.00,-1.88
200.00,501.00,21.00,2.25,0.00,-1.10,-0.13,0.00,1.80
200.00,501.00,23.00,2.17,0.00,-5.15,-0.03,0.00,1.97
200.00,501.00,24.00,0.28,0.00,2.62,0.43,0.00,-0.78
200.00,501.00,25.00,-0.65,0.00,2.76,0.55,0.00,-0.55
200.00,501.00,26.00,3.52,0.00,-4.05,-0.20,0.00,1.30
204.00,511.00,20.00,1.05,0.00,-4.22,-0.05,0.00,-1.75
204.00,511.00,21.00,2.18,0.00,-0.39,0.04,0.00,1.95
204.00,511.00,23.00,2.11,0.00,-4.33,-0.08,0.00,1.97
204.00,511.00,24.00,0.46,0.00,2.31,0.39,0.00,-0.67
204.00,511.00,25.00,-0.43,0.00,2.54,0.48,0.00,-0.56
204.00,511.00,26.00,3.44,0.00,-3.53,-0.11,0.00,1.31
208.00,521.00,20.00,1.04,0.00,-4.79,0.03,0.00,-1.56
208.00,521.00,21.00,2.28,0.00,0.46,0.08,0.00,1.94
208.00,521.00,23.00,2.11,0.00,-3.58,-0.22,0.00,1.94
208.00,521.00,24.00,0.60,0.00,2.08,0.32,0.00,-0.56
208.00,521.00,25.00,-0.27,0.00,2.31,0.45,0.00,-0.58
208.00,521.00,26.00,3.43,0.00,-3.00,-0.07,0.00,1.26
212.00,531.00,20.00,1.08,0.00,-5.47,0.09,0.00,-1.74
212.00,531.00,21.00,2.24,0.00,1.16,-0.11,0.00,1.72
212.00,531.00,23.00,1.93,0.00,-2.78,-0.33,0.00,1.95
212.00,531.00,24.00,0.72,0.00,1.86,0.15,0.00,-0.63
212.00,531.00,25.00,-0.07,0.00,2.07,0.42,0.00,-0.63
212.00,531.00,26.00,3.38,0.00,-2.52,-0.11,0.00,1.24
212.00,531.00,27.00,2.39,0.00,-7.92,0.09,0.00,1.64
216.00,541.00,20.00,1.11,0.00,-6.18,0.25,0.00,-1.83
216.00,541.00,21.00,2.19,0.00,1.84,-0.04,0.00,1.68
216.00,541.00,23.00,1.85,0.00,-2.02,-0.08,0.00,1.87
216.00,541.00,24.00,0.72,0.00,1.58,0.06,0.00,-0.69
216.00,541.00,25.00,0.07,0.00,1.81,0.29,0.00,-0.73
216.00,541.00,26.00,3.34,0.00,-2.01,-0.04,0.00,1.28
216.00,541.00,27.00,2.42,0.00,-7.26,0.13,0.00,1.61
220.00,551.00,20.00,1.28,0.00,-6.94,0.32,0.00,-1.84
220.00,551.00,21.00,2.21,0.00,2.50,0.05,0.00,1.67
220.00,551.00,23.00,1.87,0.00,-1.28,0.01,0.00,1.86
220.00,551.00,24.00,0.76,0.00,1.31,0.15,0.00,-0.77
220.00,551.00,25.00,0.16,0.00,1.49,0.27,0.00,-0.77
220.00,551.00,26.00,3.35,0.00,-1.50,-0.14,0.00,1.24
220.00,551.00,27.00,2.49,0.00,-6.63,0.02,0.00,1.64
224.00,561.00,20.00,1.37,0.00,-7.65,0.28,0.00,-1.73
224.00,561.00,23.00,1.85,0.00,-0.53,0.10,0.00,1.82
224.00,561.00,24.00,0.84,0.00,0.96,0.07,0.00,-0.84
224.00,561.00,25.00,0.28,0.00,1.19,0.12,0.00,-0.78
224.00,561.00,26.00,3.23,0.00,-1.01,-0.21,0.00,1.18
224.00,561.00,27.00,2.44,0.00,-5.95,-0.07,0.00,1.69
228.00,571.00,20.00,1.50,0.00,-8.32,0.30,0.00,-1.70
228.00,571.00,23.00,1.95,0.00,0.17,0.19,0.00,1.80
228.00,571.00,24.00,0.82,0.00,0.64,0.03,0.00,-0.81
228.00,571.00,25.00,0.26,0.00,0.87,0.03,0.00,-0.79
228.00,571.00,26.00,3.18,0.00,-0.56,-0.05,0.00,1.21
228.00,571.00,27.00,2.44,0.00,-5.28,0.00,0.00,1.61
232.00,581.00,20.00,1.61,0.00,-9.01,0.21,0.00,-1.75
232.00,581.00,23.00,2.01,0.00,0.92,0.10,0.00,1.89
232.00,581.00,24.00,0.86,0.00,0.32,0.24,0.00,-0.84
232.00,581.00,25.00,0.30,0.00,0.56,0.00,0.00,-0.78
232.00,581.00,26.00,3.19,0.00,-0.05,-0.04,0.00,1.25
232.00,581.00,27.00,2.44,0.00,-4.66,-0.12,0.00,1.57
236.00,591.00,20.00,1.66,0.00,-9.72,0.14,0.00,-1.77
236.00,591.00,23.00,2.03,0.00,1.68,0.31,0.00,1.85
236.00,591.00,24.00,1.01,0.00,-0.03,0.28,0.00,-0.84
236.00,591.00,25.00,0.26,0.00,0.24,-0.05,0.00,-0.80
236.00,591.00,26.00,3.15,0.00,0.45,0.00,0.00,1.22
236.00,591.00,27.00,2.34,0.00,-4.02,0.00,0.00,1.61
236.00,591.00,28.00,0.74,0.00,3.66,0.10,0.00,-0.82
240.00,601.00,23.00,2.26,0.00,2.40,0.56,0.00,1.78
240.00,601.00,24.00,1.08,0.00,-0.36,0.16,0.00,-0.90
240.00,601.00,25.00,0.26,0.00,-0.08,0.05,0.00,-0.84
240.00,601.00,26.00,3.19,0.00,0.93,0.09,0.00,1.21
240.00,601.00,27.00,2.43,0.00,-3.38,0.15,0.00,1.47
240.00,601.00,28.00,0.78,0.00,3.33,0.17,0.00,-0.83
244.00,611.00,24.00,1.13,0.00,-0.74,0.18,0.00,-0.95
244.00,611.00,25.00,0.30,0.00,-0.43,-0.01,0.00,-0.93
244.00,611.00,26.00,3.22,0.00,1.41,-0.03,0.00,1.20
244.00,611.00,27.00,2.46,0.00,-2.84,0.00,0.00,1.34
244.00,611.00,28.00,0.88,0.00,2.99,0.19,0.00,-0.88
248.00,621.00,24.00,1.23,0.00,-1.12,0.20,0.00,-0.95
248.00,621.00,25.00,0.26,0.00,-0.83,0.06,0.00,-0.99
248.00,621.00,26.00,3.17,0.00,1.89,-0.12,0.00,1.19
248.00,621.00,27.00,2.44,0.00,-2.31,0.22,0.00,1.18
248.00,621.00,28.00,0.93,0.00,2.63,0.11,0.00,-0.89
252.00,631.00,24.00,1.30,0.00,-1.51,0.14,0.00,-0.92
252.00,631.00,25.00,0.35,0.00,-1.22,0.14,0.00,-0.98
252.00,631.00,27.00,2.64,0.00,-1.90,0.53,0.00,0.92
252.00,631.00,28.00,0.97,0.00,2.28,0.19,0.00,-0.88
256.00,641.00,24.00,1.34,0.00,-1.85,0.16,0.00,-0.90
256.00,641.00,25.00,0.37,0.00,-1.61,0.09,0.00,-0.97
256.00,641.00,27.00,2.86,0.00,-1.57,0.52,0.00,0.89
256.00,641.00,28.00,1.08,0.00,1.92,0.19,0.00,-0.85
260.00,651.00,24.00,1.43,0.00,-2.22,0.21,0.00,-0.90
260.00,651.00,25.00,0.42,0.00,-2.00,0.18,0.00,-0.96
260.00,651.00,27.00,3.06,0.00,-1.19,0.50,0.00,0.96
260.00,651.00,28.00,1.12,0.00,1.60,0.02,0.00,-0.88
264.00,661.00,24.00,1.50,0.00,-2.57,0.09,0.00,-0.91
264.00,661.00,25.00,0.51,0.00,-2.37,0.16,0.00,-0.98
264.00,661.00,28.00,1.10,0.00,1.22,0.04,0.00,-0.91
268.00,671.00,24.00,1.50,0.00,-2.95,0.06,0.00,-0.98
268.00,671.00,25.00,0.55,0.00,-2.78,0.20,0.00,-1.01
268.00,671.00,28.00,1.15,0.00,0.87,0.14,0.00,-0.87
272.00,681.00,24.00,1.55,0.00,-3.36,0.19,0.00,-1.12
272.00,681.00,25.00,0.68,0.00,-3.18,0.21,0.00,-0.98
272.00,681.00,28.00,1.21,0.00,0.53,0.07,0.00,-0.88
276.00,691.00,24.00,1.65,0.00,-3.85,0.14,0.00,-1.19
276.00,691.00,25.00,0.71,0.00,-3.56,0.16,0.00,-0.95
276.00,691.00,28.00,1.20,0.00,0.17,0.02,0.00,-0.88
280.00,701.00,24.00,1.66,0.00,-4.31,0.03,0.00,-1.15
280.00,701.00,25.00,0.81,0.00,-3.94,0.23,0.00,-0.93
280.00,701.00,28.00,1.22,0.00,-0.18,0.16,0.00,-0.92
284.00,711.00,24.00,1.68,0.00,-4.77,0.05,0.00,-1.15
284.00,711.00,25.00,0.90,0.00,-4.31,0.09,0.00,-0.94
284.00,711.00,28.00,1.33,0.00,-0.57,0.15,0.00,-1.04
288.00,721.00,24.00,1.71,0.00,-5.23,-0.04,0.00,-1.07
288.00,721.00,25.00,0.88,0.00,-4.69,0.06,0.00,-0.99
288.00,721.00,28.00,1.34,0.00,-1.01,-0.04,0.00,-1.07
288.00,721.00,29.00,-1.05,0.00,-5.71,0.45,0.00,-0.66
288.00,721.00,30.00,-1.29,0.00,-7.53,0.00,0.00,0.00
292.00,731.00,24.00,1.65,0.00,-5.62,-0.15,0.00,-0.99
292.00,731.00,25.00,0.95,0.00,-5.10,0.06,0.00,-1.01
292.00,731.00,28.00,1.30,0.00,-1.43,-0.06,0.00,-1.14
292.00,731.00,29.00,-0.87,0.00,-5.98,0.45,0.00,-0.71
292.00,731.00,30.00,-1.29,0.00,-7.53,0.00,0.00,0.00
296.00,741.00,24.00,1.59,0.00,-6.02,0.01,0.00,-1.03
296.00,741.00,25.00,0.92,0.00,-5.50,0.04,0.00,-1.01
296.00,741.00,28.00,1.29,0.00,-1.93,-0.14,0.00,-1.23
296.00,741.00,29.00,-0.69,0.00,-6.28,0.52,0.00,-0.63
296.00,741.00,30.00,-1.29,0.00,-7.53,0.00,0.00,0.00
300.00,751.00,24.00,1.66,0.00,-6.45,0.13,0.00,-0.99
300.00,751.00,25.00,0.98,0.00,-5.91,0.09,0.00,-0.97
300.00,751.00,28.00,1.19,0.00,-2.41,-0.21,0.00,-1.23
300.00,751.00,29.00,-0.45,0.00,-6.48,0.47,0.00,-0.68
300.00,751.00,30.00,-1.29,0.00,-7.53,0.00,0.00,0.00
304.00,761.00,24.00,1.69,0.00,-6.81,0.07,0.00,-0.91
304.00,761.00,25.00,0.99,0.00,-6.27,-0.01,0.00,-0.93
304.00,761.00,28.00,1.13,0.00,-2.91,-0.07,0.00,-1.32
304.00,761.00,29.00,-0.32,0.00,-6.82,0.41,0.00,-0.80
304.00,761.00,30.00,-1.29,0.00,-7.53,0.00,0.00,0.00
308.00,771.00,24.00,1.71,0.00,-7.17,0.14,0.00,-0.81
308.00,771.00,25.00,0.97,0.00,-6.65,0.11,0.00,-0.94
308.00,771.00,28.00,1.13,0.00,-3.47,-0.05,0.00,-1.37
308.00,771.00,29.00,-0.12,0.00,-7.12,0.52,0.00,-0.68
308.00,771.00,30.00,-1.29,0.00,-7.53,0.00,0.00,0.00
312.00,781.00,24.00,1.81,0.00,-7.46,0.22,0.00,-0.69
312.00,781.00,25.00,1.08,0.00,-7.03,0.21,0.00,-0.90
312.00,781.00,28.00,1.08,0.00,-4.01,-0.07,0.00,-1.25
312.00,781.00,29.00,0.10,0.00,-7.36,0.33,0.00,-0.89
312.00,781.00,30.00,-1.29,0.00,-7.53,0.00,0.00,0.00
316.00,791.00,24.00,1.88,0.00,-7.73,0.06,0.00,-0.66
316.00,791.00,25.00,1.14,0.00,-7.37,0.19,0.00,-0.85
316.00,791.00,28.00,1.08,0.00,-4.47,0.00,0.00,-1.23
316.00,791.00,29.00,0.15,0.00,-7.83,0.25,0.00,-1.01
316.00,791.00,30.00,-1.29,0.00,-7.53,0.00,0.00,0.00
320.00,801.00,24.00,1.85,0.00,-7.98,-0.08,0.00,-0.65
320.00,801.00,25.00,1.23,0.00,-7.70,0.24,0.00,-0.82
320.00,801.00,28.00,1.08,0.00,-4.99,-0.05,0.00,-1.23
320.00,801.00,29.00,0.30,0.00,-8.17,0.38,0.00,-0.84
320.00,801.00,30.00,-1.29,0.00,-7.53,0.00,0.00,0.00
324.00,811.00,28.00,1.04,0.00,-5.45,-0.11,0.00,-1.15
324.00,811.00,30.00,-1.29,0.00,-7.53,0.00,0.00,0.00
348.00,871.00,31.00,3.30,0.00,-2.40,-0.04,0.00,1.72
348.00,871.00,32.00,2.21,0.00,3.63,-0.14,0.00,-1.75
352.00,881.00,31.00,3.28,0.00,-1.71,0.00,0.00,1.66
352.00,881.00,32.00,2.16,0.00,2.93,-0.07,0.00,-1.66
356.00,891.00,31.00,3.30,0.00,-1.06,0.04,0.00,1.58
356.00,891.00,32.00,2.16,0.00,2.30,-0.09,0.00,-1.59
360.00,901.00,31.00,3.32,0.00,-0.44,0.04,0.00,1.61
360.00,901.00,32.00,2.09,0.00,1.66,-0.16,0.00,-1.55
364.00,911.00,31.00,3.33,0.00,0.22,0.07,0.00,1.65
364.00,911.00,32.00,2.03,0.00,1.05,-0.04,0.00,-1.58
368.00,921.00,31.00,3.37,0.00,0.88,0.04,0.00,1.63
368.00,921.00,32.00,2.05,0.00,0.40,0.00,0.00,-1.68
372.00,931.00,31.00,3.37,0.00,1.52,0.08,0.00,1.54
372.00,931.00,32.00,2.03,0.00,-0.29,0.07,0.00,-1.64
376.00,941.00,31.00,3.44,0.00,2.12,0.10,0.00,1.47
376.00,941.00,32.00,2.11,0.00,-0.92,0.16,0.00,-1.66
380.00,951.00,31.00,3.45,0.00,2.70,0.03,0.00,1.45
380.00,951.00,32.00,2.16,0.00,-1.62,0.04,0.00,-1.74
380.00,951.00,33.00,0.77,0.00,-7.29,-0.40,0.00,1.35
380.00,951.00,34.00,-1.31,0.00,-7.49,0.00,0.00,0.00
384.00,961.00,32.00,2.14,0.00,-2.31,0.13,0.00,-1.75
384.00,961.00,33.00,0.61,0.00,-6.75,-0.26,0.00,1.36
384.00,961.00,34.00,-1.31,0.00,-7.49,0.00,0.00,0.00
384.00,961.00,35.00,0.55,0.00,1.87,-0.19,0.00,-1.58
388.00,971.00,32.00,2.27,0.00,-3.02,0.16,0.00,-1.75
388.00,971.00,33.00,0.56,0.00,-6.20,-0.21,0.00,1.33
388.00,971.00,34.00,-1.31,0.00,-7.49,0.00,0.00,0.00
388.00,971.00,35.00,0.47,0.00,1.24,-0.26,0.00,-1.59
392.00,981.00,32.00,2.27,0.00,-3.71,0.00,0.00,-1.73
392.00,981.00,33.00,0.44,0.00,-5.68,-0.42,0.00,1.36
392.00,981.00,34.00,-1.31,0.00,-7.49,0.00,0.00,0.00
392.00,981.00,35.00,0.34,0.00,0.60,-0.26,0.00,-1.65
396.00,991.00,33.00,0.23,0.00,-5.11,-0.54,0.00,1.42
396.00,991.00,35.00,0.26,0.00,-0.08,-0.19,0.00,-1.68
400.00,1000.00,36.00,0.17,0.00,-0.69,-0.37,0.00,-1.42
400.00,1000.00,37.00,0.02,0.00,-4.65,-0.67,0.00,0.93
400.00,1000.00,38.00,-1.40,0.00,-7.32,0.00,0.00,0.05
404.00,1010.00,36.00,0.02,0.00,-1.26,-0.23,0.00,-1.49
404.00,1010.00,37.00,-0.25,0.00,-4.27,-0.72,0.00,0.94
404.00,1010.00,38.00,-1.40,0.00,-7.30,0.00,0.00,0.05
404.00,1010.00,39.00,-2.74,0.00,-3.21,0.08,0.00,0.41
408.00,1020.00,36.00,-0.01,0.00,-1.88,-0.29,0.00,-1.64
408.00,1020.00,37.00,-0.55,0.00,-3.90,-0.69,0.00,1.02
408.00,1020.00,38.00,-1.40,0.00,-7.28,0.00,0.00,0.03
408.00,1020.00,39.00,-2.71,0.00,-3.04,-0.01,0.00,0.60
412.00,1030.00,36.00,-0.21,0.00,-2.57,-0.50,0.00,-1.54
412.00,1030.00,37.00,-0.80,0.00,-3.46,-0.65,0.00,0.97
412.00,1030.00,38.00,-1.40,0.00,-7.28,0.00,0.00,0.00
412.00,1030.00,39.00,-2.75,0.00,-2.73,0.02,0.00,0.70
416.00,1040.00,36.00,-0.41,0.00,-3.11,-0.57,0.00,-1.44
416.00,1040.00,37.00,-1.07,0.00,-3.12,-0.57,0.00,0.81
416.00,1040.00,38.00,-1.40,0.00,-7.28,0.00,0.00,0.00
416.00,1040.00,39.00,-2.69,0.00,-2.48,0.16,0.00,0.56
420.00,1050.00,36.00,-0.66,0.00,-3.72,-0.77,0.00,-1.45
420.00,1050.00,37.00,-1.25,0.00,-2.81,-0.38,0.00,0.66
420.00,1050.00,38.00,-1.40,0.00,-7.28,0.00,0.00,0.00
420.00,1050.00,39.00,-2.62,0.00,-2.28,0.06,0.00,0.57
420.00,1050.00,40.00,-1.60,0.00,0.95,0.00,0.00,0.00
420.00,1050.00,41.00,-1.74,0.00,1.30,0.00,0.00,0.00
424.00,1060.00,36.00,-1.02,0.00,-4.28,-0.73,0.00,-1.23
424.00,1060.00,37.00,-1.38,0.00,-2.59,-0.42,0.00,0.38
424.00,1060.00,38.00,-1.40,0.00,-7.28,0.00,0.00,0.00
424.00,1060.00,39.00,-2.65,0.00,-2.03,-0.05,0.00,0.40
424.00,1060.00,40.00,-1.60,0.00,0.95,0.00,0.00,0.00
424.00,1060.00,41.00,-1.74,0.00,1.30,0.00,0.00,0.00
428.00,1070.00,36.00,-1.25,0.00,-4.71,-0.90,0.00,-1.10
428.00,1070.00,37.00,-1.59,0.00,-2.51,-0.37,0.00,0.07
428.00,1070.00,38.00,-1.40,0.00,-7.28,0.00,0.00,0.00
428.00,1070.00,39.00,-2.66,0.00,-1.97,0.08,0.00,0.02
428.00,1070.00,40.00,-1.60,0.00,0.95,0.00,0.00,0.00
428.00,1070.00,41.00,-1.74,0.00,1.30,0.00,0.00,0.00
432.00,1080.00,36.00,-1.75,0.00,-5.16,-1.18,0.00,-1.11
432.00,1080.00,37.00,-1.67,0.00,-2.54,-0.20,0.00,-0.08
432.00,1080.00,38.00,-1.40,0.00,-7.28,0.05,0.00,-0.05
432.00,1080.00,39.00,-2.58,0.00,-2.02,0.20,0.00,-0.13
432.00,1080.00,41.00,-1.74,0.00,1.30,0.00,0.00,0.00
432.00,1080.00,42.00,-2.17,0.00,-8.58,-0.02,0.00,1.36
436.00,1090.00,36.00,-2.19,0.00,-5.60,-1.09,0.00,-0.95
436.00,1090.00,38.00,-1.36,0.00,-7.32,0.09,0.00,-0.14
436.00,1090.00,41.00,-1.74,0.00,1.30,0.00,0.00,0.00
436.00,1090.00,42.00,-2.18,0.00,-8.03,0.13,0.00,1.30
440.00,1100.00,36.00,-2.62,0.00,-5.91,-0.89,0.00,-0.95
440.00,1100.00,38.00,-1.32,0.00,-7.38,0.07,0.00,-0.13
440.00,1100.00,41.00,-1.74,0.00,1.30,0.00,0.00,0.00
440.00,1100.00,42.00,-2.07,0.00,-7.54,0.20,0.00,1.31
444.00,1110.00,36.00,-2.91,0.00,-6.35,-0.84,0.00,-0.83
444.00,1110.00,38.00,-1.31,0.00,-7.43,0.02,0.00,-0.05
444.00,1110.00,42.00,-2.02,0.00,-6.98,0.23,0.00,1.31
448.00,1120.00,36.00,-3.29,0.00,-6.57,-0.95,0.00,-0.56
448.00,1120.00,38.00,-1.31,0.00,-7.43,0.00,0.00,0.00
448.00,1120.00,42.00,-1.89,0.00,-6.49,0.42,0.00,1.26
452.00,1130.00,38.00,-1.31,0.00,-7.43,0.00,0.00,0.00
452.00,1130.00,42.00,-1.68,0.00,-5.97,0.39,0.00,1.11
456.00,1140.00,38.00,-1.31,0.00,-7.43,0.00,0.00,0.00
456.00,1140.00,42.00,-1.58,0.00,-5.61,0.25,0.00,0.86
456.00,1140.00,43.00,-1.69,0.00,-2.56,0.00,0.00,0.00
456.00,1140.00,44.00,-2.39,0.00,-2.19,0.00,0.00,0.00
456.00,1140.00,45.00,1.28,0.00,1.81,0.09,0.00,-1.71
460.00,1150.00,38.00,-1.31,0.00,-7.43,0.00,0.00,0.00
460.00,1150.00,42.00,-1.48,0.00,-5.28,0.28,0.00,0.98
460.00,1150.00,43.00,-1.69,0.00,-2.56,0.00,0.00,0.00
460.00,1150.00,44.00,-2.39,0.00,-2.19,0.00,0.00,0.00
460.00,1150.00,45.00,1.31,0.00,1.13,0.09,0.00,-1.68
460.00,1150.00,46.00,-1.65,0.00,0.90,0.00,0.00,0.00
460.00,1150.00,47.00,-1.72,0.00,1.28,0.00,0.00,0.00
464.00,1160.00,38.00,-1.31,0.00,-7.43,0.00,0.00,0.00
464.00,1160.00,42.00,-1.35,0.00,-4.82,-0.24,0.00,0.64
464.00,1160.00,43.00,-1.69,0.00,-2.56,0.00,0.00,0.00
464.00,1160.00,44.00,-2.39,0.00,-2.19,0.00,0.00,0.00
464.00,1160.00,45.00,1.35,0.00,0.46,0.07,0.00,-1.70
464.00,1160.00,46.00,-1.65,0.00,0.90,0.00,0.00,0.00
464.00,1160.00,47.00,-1.72,0.00,1.28,0.00,0.00,0.00
464.00,1160.00,48.00,2.93,0.00,-5.70,-0.45,0.00,1.67
468.00,1170.00,38.00,-1.31,0.00,-7.43,0.00,0.00,0.00
468.00,1170.00,42.00,-1.67,0.00,-4.77,-0.79,0.00,0.13
468.00,1170.00,43.00,-1.69,0.00,-2.56,0.00,0.00,0.00
468.00,1170.00,44.00,-2.39,0.00,-2.19,0.00,0.00,0.00
468.00,1170.00,45.00,1.37,0.00,-0.24,0.09,0.00,-1.81
468.00,1170.00,46.00,-1.65,0.00,0.90,0.00,0.00,0.00
468.00,1170.00,47.00,-1.72,0.00,1.28,0.00,0.00,0.00
468.00,1170.00,48.00,2.74,0.00,-5.03,-0.34,0.00,1.69
472.00,1180.00,38.00,-1.31,0.00,-7.43,0.00,0.00,0.00
472.00,1180.00,45.00,1.42,0.00,-0.98,0.08,0.00,-1.88
472.00,1180.00,46.00,-1.65,0.00,0.90,0.00,0.00,0.00
472.00,1180.00,47.00,-1.72,0.00,1.28,0.00,0.00,0.00
472.00,1180.00,48.00,2.65,0.00,-4.35,-0.27,0.00,1.66
476.00,1190.00,38.00,-1.31,0.00,-7.43,0.00,0.00,0.00
476.00,1190.00,45.00,1.43,0.00,-1.74,0.07,0.00,-2.11
476.00,1190.00,46.00,-1.65,0.00,0.90,0.00,0.00,0.00
476.00,1190.00,47.00,-1.72,0.00,1.28,0.00,0.00,0.00
476.00,1190.00,48.00,2.53,0.00,-3.70,-0.23,0.00,1.61
480.00,1200.00,38.00,-1.31,0.00,-7.43,-0.08,0.00,-0.15
480.00,1200.00,45.00,1.48,0.00,-2.67,0.20,0.00,-1.92
480.00,1200.00,46.00,-1.65,0.00,0.90,0.00,0.00,0.00
480.00,1200.00,47.00,-1.72,0.00,1.28,0.00,0.00,0.00
480.00,1200.00,48.00,2.47,0.00,-3.06,-0.16,0.00,1.65
484.00,1210.00,38.00,-1.37,0.00,-7.55,-0.16,0.00,-0.17
484.00,1210.00,45.00,1.59,0.00,-3.28,0.28,0.00,-1.75
484.00,1210.00,46.00,-1.65,0.00,0.90,0.00,0.00,0.00
484.00,1210.00,47.00,-1.72,0.00,1.28,0.00,0.00,0.00
484.00,1210.00,48.00,2.40,0.00,-2.38,-0.23,0.00,1.73
484.00,1210.00,49.00,-1.07,0.00,-3.68,0.63,0.00,-1.04
488.00,1220.00,38.00,-1.43,0.00,-7.56,0.08,0.00,0.15
488.00,1220.00,45.00,1.70,0.00,-4.07,0.09,0.00,-2.18
488.00,1220.00,46.00,-1.65,0.00,0.90,0.00,0.00,0.00
488.00,1220.00,47.00,-1.72,0.00,1.28,0.00,0.00,0.00
488.00,1220.00,48.00,2.29,0.00,-1.68,-0.16,0.00,1.68
488.00,1220.00,49.00,-0.82,0.00,-4.09,0.77,0.00,-1.05
492.00,1230.00,38.00,-1.31,0.00,-7.43,0.16,0.00,0.17
492.00,1230.00,45.00,1.66,0.00,-5.03,0.18,0.00,-2.19
492.00,1230.00,46.00,-1.65,0.00,0.90,0.00,0.00,0.00
492.00,1230.00,47.00,-1.72,0.00,1.28,0.00,0.00,0.00
492.00,1230.00,48.00,2.27,0.00,-1.04,-0.12,0.00,1.57
492.00,1230.00,49.00,-0.45,0.00,-4.52,0.80,0.00,-0.90
496.00,1240.00,38.00,-1.31,0.00,-7.43,0.00,0.00,0.00
496.00,1240.00,45.00,1.84,0.00,-5.82,0.40,0.00,-1.98
496.00,1240.00,46.00,-1.65,0.00,0.90,0.00,0.00,0.00
496.00,1240.00,47.00,-1.72,0.00,1.28,0.00,0.00,0.00
496.00,1240.00,48.00,2.19,0.00,-0.42,-0.08,0.00,1.54
496.00,1240.00,49.00,-0.18,0.00,-4.81,0.64,0.00,-1.00
496.00,1240.00,51.00,0.93,0.00,3.00,0.20,0.00,-1.43
500.00,1250.00,38.00,-1.31,0.00,-7.43,0.00,0.00,0.00
500.00,1250.00,45.00,1.98,0.00,-6.61,0.31,0.00,-1.97
500.00,1250.00,46.00,-1.65,0.00,0.90,0.00,0.00,0.00
500.00,1250.00,47.00,-1.72,0.00,1.28,0.00,0.00,0.00
500.00,1250.00,48.00,2.21,0.00,0.20,-0.08,0.00,1.52
500.00,1250.00,49.00,0.06,0.00,-5.32,0.67,0.00,-1.21
500.00,1250.00,51.00,1.01,0.00,2.43,0.13,0.00,-1.44
504.00,1260.00,38.00,-1.31,0.00,-7.43,-0.02,0.00,0.03
504.00,1260.00,45.00,2.09,0.00,-7.40,0.38,0.00,-1.90
504.00,1260.00,46.00,-1.65,0.00,0.90,0.00,0.00,0.00
504.00,1260.00,47.00,-1.72,0.00,1.28,0.00,0.00,0.00
504.00,1260.00,48.00,2.13,0.00,0.80,-0.15,0.00,1.43
504.00,1260.00,49.00,0.36,0.00,-5.77,0.60,0.00,-1.29
504.00,1260.00,51.00,1.04,0.00,1.85,0.01,0.00,-1.45
508.00,1270.00,38.00,-1.33,0.00,-7.40,-0.04,0.00,0.08
508.00,1270.00,45.00,2.28,0.00,-8.13,0.50,0.00,-1.83
508.00,1270.00,46.00,-1.65,0.00,0.90,0.00,0.00,0.00
508.00,1270.00,47.00,-1.72,0.00,1.28,0.00,0.00,0.00
508.00,1270.00,48.00,2.09,0.00,1.34,-0.13,0.00,1.38
508.00,1270.00,49.00,0.54,0.00,-6.36,0.25,0.00,-1.47
508.00,1270.00,51.00,1.02,0.00,1.27,0.08,0.00,-1.51
512.00,1280.00,38.00,-1.34,0.00,-7.36,-0.04,0.00,0.08
512.00,1280.00,46.00,-1.65,0.00,0.90,0.00,0.00,0.00
512.00,1280.00,47.00,-1.72,0.00,1.28,0.00,0.00,0.00
512.00,1280.00,48.00,2.03,0.00,1.90,-0.22,0.00,1.37
512.00,1280.00,49.00,0.56,0.00,-6.95,0.18,0.00,-1.48
512.00,1280.00,51.00,1.10,0.00,0.64,0.08,0.00,-1.59
516.00,1290.00,38.00,-1.36,0.00,-7.34,-0.02,0.00,0.08
516.00,1290.00,46.00,-1.65,0.00,0.90,0.00,0.00,0.00
516.00,1290.00,47.00,-1.72,0.00,1.28,0.00,0.00,0.00
516.00,1290.00,48.00,1.91,0.00,2.44,-0.30,0.00,1.33
516.00,1290.00,49.00,0.68,0.00,-7.54,0.13,0.00,-1.45
516.00,1290.00,51.00,1.08,0.00,0.00,0.03,0.00,-1.53
520.00,1300.00,38.00,-1.36,0.00,-7.30,0.00,0.00,0.03
520.00,1300.00,46.00,-1.65,0.00,0.90,0.00,0.00,0.00
520.00,1300.00,47.00,-1.72,0.00,1.28,0.00,0.00,0.00
520.00,1300.00,49.00,0.66,0.00,-8.11,0.13,0.00,-1.45
520.00,1300.00,51.00,1.13,0.00,-0.58,0.10,0.00,-1.51
524.00,1310.00,38.00,-1.36,0.00,-7.32,0.04,0.00,-0.11
524.00,1310.00,46.00,-1.65,0.00,0.90,0.00,0.00,0.00
524.00,1310.00,47.00,-1.72,0.00,1.28,0.00,0.00,0.00
524.00,1310.00,49.00,0.78,0.00,-8.70,0.30,0.00,-1.49
524.00,1310.00,51.00,1.17,0.00,-1.21,0.08,0.00,-1.59
528.00,1320.00,38.00,-1.32,0.00,-7.38,0.09,0.00,-0.16
528.00,1320.00,46.00,-1.65,0.00,0.90,0.00,0.00,0.00
528.00,1320.00,47.00,-1.72,0.00,1.28,0.00,0.00,0.00
528.00,1320.00,51.00,1.19,0.00,-1.85,0.19,0.00,-1.60
532.00,1330.00,38.00,-1.29,0.00,-7.45,0.07,0.00,-0.11
532.00,1330.00,46.00,-1.65,0.00,0.90,0.00,0.00,0.00
532.00,1330.00,47.00,-1.72,0.00,1.28,0.00,0.00,0.00
532.00,1330.00,51.00,1.32,0.00,-2.49,0.44,0.00,-1.73
536.00,1340.00,38.00,-1.27,0.00,-7.47,0.02,0.00,-0.03
536.00,1340.00,46.00,-1.65,0.00,0.90,0.00,0.00,0.00
536.00,1340.00,47.00,-1.72,0.00,1.28,0.00,0.00,0.00
536.00,1340.00,51.00,1.54,0.00,-3.23,0.25,0.00,-1.75
540.00,1350.00,38.00,-1.27,0.00,-7.47,0.00,0.00,0.00
540.00,1350.00,46.00,-1.65,0.00,0.90,0.00,0.00,0.00
540.00,1350.00,47.00,-1.72,0.00,1.28,0.00,0.00,0.00
540.00,1350.00,51.00,1.52,0.00,-3.89,0.10,0.00,-1.51
544.00,1360.00,38.00,-1.27,0.00,-7.47,0.00,0.00,0.00
544.00,1360.00,46.00,-1.65,0.00,0.90,0.00,0.00,0.00
544.00,1360.00,47.00,-1.72,0.00,1.28,0.00,0.00,0.00
544.00,1360.00,51.00,1.62,0.00,-4.44,0.10,0.00,-1.59
548.00,1370.00,38.00,-1.27,0.00,-7.47,-0.06,0.00,-0.15
548.00,1370.00,46.00,-1.65,0.00,0.90,0.00,0.00,0.00
548.00,1370.00,47.00,-1.72,0.00,1.28,0.00,0.00,0.00
548.00,1370.00,51.00,1.60,0.00,-5.16,0.02,0.00,-1.75
552.00,1380.00,38.00,-1.32,0.00,-7.59,-0.03,0.00,-0.05
552.00,1380.00,46.00,-1.65,0.00,0.90,0.00,0.00,0.00
552.00,1380.00,47.00,-1.72,0.00,1.28,0.00,0.00,0.00
552.00,1380.00,51.00,1.63,0.00,-5.84,0.09,0.00,-1.71
556.00,1390.00,38.00,-1.29,0.00,-7.51,0.06,0.00,0.15
560.00,1400.00,38.00,-1.27,0.00,-7.47,0.03,0.00,0.05
564.00,1410.00,38.00,-1.27,0.00,-7.47,0.00,0.00,0.00
568.00,1420.00,38.00,-1.27,0.00,-7.47,0.00,0.00,0.00
572.00,1430.00,38.00,-1.27,0.00,-7.47,0.00,0.00,0.00
576.00,1440.00,38.00,-1.27,0.00,-7.47,0.00,0.00,0.00
580.00,1450.00,38.00,-1.27,0.00,-7.47,0.00,0.00,0.00
584.00,1460.00,38.00,-1.27,0.00,-7.47,0.00,0.00,0.00
588.00,1470.00,38.00,-1.27,0.00,-7.47,0.00,0.00,0.00
592.00,1480.00,38.00,-1.27,0.00,-7.47,0.00,0.00,0.00
592.00,1480.00,52.00,2.17,0.00,-1.80,-0.36,0.00,1.83
592.00,1480.00,53.00,3.01,0.00,-1.79,-0.26,0.00,1.80
592.00,1480.00,54.00,3.81,0.00,-1.31,-0.43,0.00,1.96
596.00,1490.00,38.00,-1.27,0.00,-7.47,-0.02,0.00,0.00
596.00,1490.00,52.00,2.03,0.00,-1.07,-0.29,0.00,1.80
596.00,1490.00,53.00,2.90,0.00,-1.07,-0.36,0.00,1.79
596.00,1490.00,54.00,3.63,0.00,-0.53,-0.25,0.00,1.93
596.00,1490.00,55.00,-0.58,0.00,2.72,0.62,0.00,-0.21
600.00,1500.00,38.00,-1.29,0.00,-7.47,-0.14,0.00,0.06
600.00,1500.00,52.00,1.94,0.00,-0.36,-0.06,0.00,1.79
600.00,1500.00,53.00,2.73,0.00,-0.36,-0.31,0.00,1.79
600.00,1500.00,54.00,3.60,0.00,0.24,-0.04,0.00,1.76
600.00,1500.00,55.00,-0.33,0.00,2.64,0.49,0.00,-0.29
604.00,1510.00,38.00,-1.39,0.00,-7.42,-0.24,0.00,0.17
604.00,1510.00,52.00,1.98,0.00,0.37,-0.02,0.00,1.76
604.00,1510.00,53.00,2.66,0.00,0.36,-0.18,0.00,1.77
604.00,1510.00,54.00,3.60,0.00,0.88,-0.16,0.00,1.58
604.00,1510.00,55.00,-0.18,0.00,2.50,0.36,0.00,-0.49
608.00,1520.00,38.00,-1.48,0.00,-7.33,-0.16,0.00,0.19
608.00,1520.00,52.00,1.92,0.00,1.05,0.05,0.00,1.70
608.00,1520.00,53.00,2.58,0.00,1.06,-0.06,0.00,1.73
608.00,1520.00,54.00,3.47,0.00,1.51,-0.27,0.00,1.63
608.00,1520.00,55.00,-0.04,0.00,2.25,0.28,0.00,-0.55
612.00,1530.00,38.00,-1.52,0.00,-7.27,-0.04,0.00,0.08
612.00,1530.00,52.00,2.02,0.00,1.73,-0.07,0.00,1.72
612.00,1530.00,53.00,2.60,0.00,1.75,-0.04,0.00,1.68
612.00,1530.00,54.00,3.39,0.00,2.18,-0.31,0.00,1.66
612.00,1530.00,55.00,0.04,0.00,2.05,0.31,0.00,-0.45
616.00,1540.00,38.00,-1.52,0.00,-7.27,0.00,0.00,0.00
616.00,1540.00,52.00,1.87,0.00,2.42,-0.25,0.00,1.72
616.00,1540.00,53.00,2.55,0.00,2.41,-0.07,0.00,1.63
616.00,1540.00,54.00,3.22,0.00,2.83,-0.22,0.00,1.67
616.00,1540.00,55.00,0.20,0.00,1.89,0.41,0.00,-0.39
620.00,1550.00,38.00,-1.52,0.00,-7.27,0.00,0.00,0.00
620.00,1550.00,52.00,1.82,0.00,3.11,-0.14,0.00,1.70
620.00,1550.00,53.00,2.55,0.00,3.05,0.00,0.00,1.62
620.00,1550.00,54.00,3.21,0.00,3.52,-0.04,0.00,1.71
620.00,1550.00,55.00,0.37,0.00,1.74,0.29,0.00,-0.42
624.00,1560.00,38.00,-1.52,0.00,-7.27,0.00,0.00,0.00
624.00,1560.00,55.00,0.43,0.00,1.55,0.13,0.00,-0.60
628.00,1570.00,38.00,-1.52,0.00,-7.27,0.00,0.00,0.00
628.00,1570.00,55.00,0.47,0.00,1.26,0.11,0.00,-0.60
632.00,1580.00,38.00,-1.52,0.00,-7.27,0.00,0.00,0.00
632.00,1580.00,55.00,0.52,0.00,1.07,0.14,0.00,-0.45
636.00,1590.00,38.00,-1.52,0.00,-7.27,0.00,0.00,0.00
636.00,1590.00,55.00,0.59,0.00,0.90,0.17,0.00,-0.35
640.00,1600.00,38.00,-1.52,0.00,-7.27,0.00,0.00,0.00
640.00,1600.00,55.00,0.66,0.00,0.79,0.08,0.00,-0.26
644.00,1610.00,38.00,-1.52,0.00,-7.27,0.00,0.00,0.00
644.00,1610.00,55.00,0.65,0.00,0.69,-0.04,0.00,-0.32
648.00,1620.00,38.00,-1.52,0.00,-7.27,0.00,0.00,0.00
648.00,1620.00,55.00,0.62,0.00,0.53,-0.07,0.00,-0.39
652.00,1630.00,38.00,-1.52,0.00,-7.27,0.00,0.00,0.00
656.00,1640.00,38.00,-1.52,0.00,-7.27,0.00,0.00,0.00
660.00,1650.00,38.00,-1.52,0.00,-7.27,0.00,0.00,0.00
664.00,1660.00,38.00,-1.52,0.00,-7.27,0.00,0.00,0.00
668.00,1670.00,38.00,-1.52,0.00,-7.27,0.00,0.00,0.00
668.00,1670.00,56.00,1.51,0.00,0.56,0.67,0.00,0.30
668.00,1670.00,57.00,3.13,0.00,-3.16,-0.19,0.00,1.50
672.00,1680.00,38.00,-1.52,0.00,-7.27,0.00,0.00,0.00
672.00,1680.00,56.00,1.77,0.00,0.68,0.62,0.00,0.40
672.00,1680.00,57.00,3.06,0.00,-2.56,-0.24,0.00,1.48
676.00,1690.00,38.00,-1.52,0.00,-7.27,0.00,0.00,0.00
676.00,1690.00,56.00,2.01,0.00,0.88,0.69,0.00,0.36
676.00,1690.00,57.00,2.95,0.00,-1.98,-0.11,0.00,1.39
680.00,1700.00,38.00,-1.52,0.00,-7.27,0.00,0.00,0.00
680.00,1700.00,56.00,2.32,0.00,0.97,0.84,0.00,0.26
680.00,1700.00,57.00,2.97,0.00,-1.45,-0.02,0.00,1.38
684.00,1710.00,38.00,-1.52,0.00,-7.27,0.00,0.00,0.00
684.00,1710.00,56.00,2.68,0.00,1.09,0.79,0.00,0.34
684.00,1710.00,57.00,2.93,0.00,-0.88,-0.26,0.00,1.41
688.00,1720.00,38.00,-1.52,0.00,-7.27,0.00,0.00,0.00
688.00,1720.00,56.00,2.96,0.00,1.24,0.68,0.00,0.48
688.00,1720.00,57.00,2.76,0.00,-0.32,-0.31,0.00,1.32
692.00,1730.00,38.00,-1.52,0.00,-7.27,0.00,0.00,0.00
692.00,1730.00,56.00,3.22,0.00,1.47,0.70,0.00,0.42
692.00,1730.00,57.00,2.68,0.00,0.18,-0.15,0.00,1.37
696.00,1740.00,38.00,-1.52,0.00,-7.27,0.00,0.00,0.00
696.00,1740.00,56.00,3.51,0.00,1.58,0.84,0.00,0.35
696.00,1740.00,57.00,2.64,0.00,0.78,-0.14,0.00,1.52
700.00,1750.00,38.00,-1.52,0.00,-7.27,0.00,0.00,0.00
700.00,1750.00,56.00,3.90,0.00,1.75,0.96,0.00,0.42
700.00,1750.00,57.00,2.57,0.00,1.40,-0.19,0.00,1.55
704.00,1760.00,38.00,-1.52,0.00,-7.27,0.00,0.00,0.00
708.00,1770.00,38.00,-1.52,0.00,-7.27,0.00,0.00,0.00
712.00,1780.00,38.00,-1.52,0.00,-7.27,0.00,0.00,0.00
716.00,1790.00,38.00,-1.52,0.00,-7.27,0.00,0.00,0.00
716.00,1790.00,58.00,2.43,0.00,-4.07,0.03,0.00,2.22
720.00,1800.00,38.00,-1.52,0.00,-7.27,0.00,0.00,0.00
720.00,1800.00,58.00,2.44,0.00,-3.18,0.01,0.00,2.23
724.00,1810.00,38.00,-1.52,0.00,-7.27,0.00,0.00,0.00
724.00,1810.00,58.00,2.44,0.00,-2.29,0.03,0.00,2.22
728.00,1820.00,38.00,-1.52,0.00,-7.27,0.00,0.00,0.00
728.00,1820.00,58.00,2.47,0.00,-1.40,0.14,0.00,2.20
732.00,1830.00,38.00,-1.52,0.00,-7.27,0.00,0.00,0.00
732.00,1830.00,58.00,2.55,0.00,-0.53,0.12,0.00,2.20
736.00,1840.00,38.00,-1.52,0.00,-7.27,0.00,0.00,0.00
736.00,1840.00,58.00,2.56,0.00,0.36,0.12,0.00,2.20
736.00,1840.00,59.00,1.76,0.00,3.75,-0.07,0.00,-1.32
736.00,1840.00,60.00,1.03,0.00,4.00,-0.22,0.00,-1.40
740.00,1850.00,38.00,-1.52,0.00,-7.27,0.00,0.00,0.00
740.00,1850.00,58.00,2.65,0.00,1.23,0.14,0.00,2.14
740.00,1850.00,59.00,1.73,0.00,3.22,-0.09,0.00,-1.20
740.00,1850.00,60.00,0.94,0.00,3.44,-0.02,0.00,-1.27
740.00,1850.00,61.00,2.86,0.00,-5.24,-0.09,0.00,1.74
740.00,1850.00,62.00,3.24,0.00,-3.62,-0.01,0.00,1.52
744.00,1860.00,38.00,-1.52,0.00,-7.27,0.00,0.00,0.00
744.00,1860.00,58.00,2.68,0.00,2.07,0.10,0.00,2.26
744.00,1860.00,59.00,1.69,0.00,2.79,-0.06,0.00,-1.10
744.00,1860.00,60.00,1.01,0.00,2.99,0.13,0.00,-1.07
744.00,1860.00,61.00,2.82,0.00,-4.54,-0.18,0.00,1.72
744.00,1860.00,62.00,3.23,0.00,-3.01,-0.03,0.00,1.45
748.00,1870.00,38.00,-1.52,0.00,-7.27,0.00,0.00,0.00
748.00,1870.00,58.00,2.73,0.00,3.04,0.13,0.00,2.43
748.00,1870.00,59.00,1.68,0.00,2.34,-0.05,0.00,-0.88
748.00,1870.00,60.00,1.04,0.00,2.59,0.01,0.00,-1.02
748.00,1870.00,61.00,2.72,0.00,-3.86,-0.25,0.00,1.68
748.00,1870.00,62.00,3.21,0.00,-2.46,-0.04,0.00,1.40
752.00,1880.00,38.00,-1.52,0.00,-7.27,0.00,0.00,0.00
752.00,1880.00,59.00,1.65,0.00,2.09,0.19,0.00,-0.70
752.00,1880.00,60.00,1.02,0.00,2.17,0.04,0.00,-0.93
752.00,1880.00,61.00,2.63,0.00,-3.20,-0.05,0.00,1.66
752.00,1880.00,62.00,3.20,0.00,-1.89,0.10,0.00,1.46
756.00,1890.00,38.00,-1.52,0.00,-7.27,0.00,0.00,0.00
756.00,1890.00,59.00,1.83,0.00,1.78,0.53,0.00,-0.83
756.00,1890.00,60.00,1.07,0.00,1.84,0.08,0.00,-0.74
756.00,1890.00,61.00,2.68,0.00,-2.53,0.00,0.00,1.65
756.00,1890.00,62.00,3.29,0.00,-1.30,0.14,0.00,1.42
760.00,1900.00,38.00,-1.52,0.00,-7.27,0.00,0.00,0.00
760.00,1900.00,59.00,2.07,0.00,1.42,0.16,0.00,-0.87
760.00,1900.00,60.00,1.08,0.00,1.58,-0.01,0.00,-0.67
760.00,1900.00,61.00,2.62,0.00,-1.88,-0.01,0.00,1.58
760.00,1900.00,62.00,3.32,0.00,-0.75,0.07,0.00,1.38
760.00,1900.00,63.00,1.18,0.00,3.70,0.07,0.00,-1.26
764.00,1910.00,38.00,-1.52,0.00,-7.27,0.00,0.00,0.00
764.00,1910.00,59.00,1.96,0.00,1.08,-0.34,0.00,-0.79
764.00,1910.00,60.00,1.06,0.00,1.31,-0.13,0.00,-0.60
764.00,1910.00,61.00,2.68,0.00,-1.27,0.20,0.00,1.50
764.00,1910.00,62.00,3.35,0.00,-0.19,0.19,0.00,1.41
764.00,1910.00,63.00,1.21,0.00,3.20,0.21,0.00,-1.30
768.00,1920.00,38.00,-1.52,0.00,-7.27,0.00,0.00,0.00
768.00,1920.00,59.00,1.80,0.00,0.79,-0.18,0.00,-0.81
768.00,1920.00,60.00,0.98,0.00,1.10,-0.10,0.00,-0.53
768.00,1920.00,61.00,2.78,0.00,-0.68,0.02,0.00,1.62
768.00,1920.00,62.00,3.47,0.00,0.38,0.19,0.00,1.39
768.00,1920.00,63.00,1.34,0.00,2.65,0.32,0.00,-1.40
772.00,1930.00,38.00,-1.52,0.00,-7.27,0.00,0.00,0.00
772.00,1930.00,59.00,1.82,0.00,0.43,-0.09,0.00,-0.85
772.00,1930.00,60.00,0.98,0.00,0.88,0.01,0.00,-0.68
772.00,1930.00,61.00,2.69,0.00,0.02,-0.14,0.00,1.67
772.00,1930.00,62.00,3.50,0.00,0.92,0.07,0.00,1.35
772.00,1930.00,63.00,1.46,0.00,2.08,0.46,0.00,-1.37
776.00,1940.00,38.00,-1.52,0.00,-7.27,0.00,0.00,0.00
776.00,1940.00,59.00,1.72,0.00,0.11,-0.39,0.00,-0.66
776.00,1940.00,60.00,0.98,0.00,0.56,0.07,0.00,-0.79
776.00,1940.00,61.00,2.67,0.00,0.66,-0.09,0.00,1.66
776.00,1940.00,62.00,3.53,0.00,1.46,0.18,0.00,1.33
776.00,1940.00,63.00,1.71,0.00,1.56,0.67,0.00,-1.32
780.00,1950.00,38.00,-1.52,0.00,-7.27,0.00,0.00,0.00
780.00,1950.00,59.00,1.51,0.00,-0.10,-0.40,0.00,-0.56
780.00,1950.00,60.00,1.04,0.00,0.25,-0.07,0.00,-0.79
780.00,1950.00,61.00,2.62,0.00,1.35,-0.36,0.00,1.68
780.00,1950.00,62.00,3.64,0.00,1.98,0.14,0.00,1.26
780.00,1950.00,63.00,2.00,0.00,1.02,0.64,0.00,-1.34
784.00,1960.00,38.00,-1.52,0.00,-7.27,0.00,0.00,0.00
784.00,1960.00,59.00,1.40,0.00,-0.34,-0.18,0.00,-0.70
784.00,1960.00,60.00,0.93,0.00,-0.07,-0.21,0.00,-0.77
784.00,1960.00,61.00,2.38,0.00,2.00,-0.34,0.00,1.63
784.00,1960.00,62.00,3.63,0.00,2.47,-0.02,0.00,1.24
784.00,1960.00,63.00,2.22,0.00,0.49,0.59,0.00,-1.45
788.00,1970.00,38.00,-1.52,0.00,-7.27,0.00,0.00,0.00
788.00,1970.00,59.00,1.36,0.00,-0.66,-0.20,0.00,-0.65
788.00,1970.00,60.00,0.87,0.00,-0.37,0.01,0.00,-0.65
788.00,1970.00,61.00,2.34,0.00,2.66,-0.09,0.00,1.64
788.00,1970.00,62.00,3.62,0.00,2.98,-0.02,0.00,1.27
788.00,1970.00,63.00,2.46,0.00,-0.14,0.44,0.00,-1.64
792.00,1980.00,38.00,-1.52,0.00,-7.27,0.00,0.00,0.00
792.00,1980.00,59.00,1.24,0.00,-0.86,-0.33,0.00,-0.48
792.00,1980.00,60.00,0.94,0.00,-0.60,-0.08,0.00,-0.49
792.00,1980.00,63.00,2.57,0.00,-0.83,0.18,0.00,-1.68
796.00,1990.00,38.00,-1.52,0.00,-7.27,0.00,0.00,0.00
796.00,1990.00,59.00,1.10,0.00,-1.04,-0.35,0.00,-0.45
796.00,1990.00,60.00,0.81,0.00,-0.76,-0.31,0.00,-0.41
796.00,1990.00,63.00,2.61,0.00,-1.48,0.09,0.00,-1.64
800.00,2000.00,64.00,1.01,0.00,-1.21,-0.08,0.00,-0.64
800.00,2000.00,65.00,0.69,0.00,-0.88,-0.08,0.00,-0.64
800.00,2000.00,66.00,2.62,0.00,-2.29,-0.14,0.00,-1.81
804.00,2010.00,64.00,0.98,0.00,-1.46,-0.20,0.00,-0.53
804.00,2010.00,65.00,0.66,0.00,-1.14,-0.20,0.00,-0.55
804.00,2010.00,66.00,2.56,0.00,-3.01,-0.03,0.00,-1.77
808.00,2020.00,64.00,0.86,0.00,-1.63,-0.42,0.00,-0.35
808.00,2020.00,65.00,0.54,0.00,-1.33,-0.09,0.00,-0.29
808.00,2020.00,66.00,2.60,0.00,-3.71,-0.01,0.00,-1.80
812.00,2030.00,64.00,0.65,0.00,-1.74,-0.37,0.00,-0.33
812.00,2030.00,65.00,0.59,0.00,-1.37,-0.06,0.00,-0.27
812.00,2030.00,66.00,2.56,0.00,-4.46,-0.17,0.00,-1.79
816.00,2040.00,64.00,0.56,0.00,-1.89,-0.27,0.00,-0.50
816.00,2040.00,65.00,0.49,0.00,-1.54,-0.13,0.00,-0.16
816.00,2040.00,66.00,2.47,0.00,-5.14,-0.14,0.00,-1.72
820.00,2050.00,64.00,0.43,0.00,-2.14,-0.53,0.00,-0.52
820.00,2050.00,65.00,0.49,0.00,-1.50,0.00,0.00,0.05
820.00,2050.00,66.00,2.45,0.00,-5.84,-0.19,0.00,-1.75
824.00,2060.00,64.00,0.14,0.00,-2.31,-0.74,0.00,-0.42
824.00,2060.00,65.00,0.49,0.00,-1.50,0.00,0.00,0.00
824.00,2060.00,66.00,2.32,0.00,-6.54,-0.32,0.00,-1.76
840.00,2100.00,67.00,3.14,0.00,-7.06,0.20,0.00,2.01
844.00,2110.00,67.00,3.22,0.00,-6.26,0.08,0.00,1.99
848.00,2120.00,67.00,3.21,0.00,-5.47,-0.07,0.00,2.00
852.00,2130.00,67.00,3.16,0.00,-4.66,-0.14,0.00,2.01
852.00,2130.00,68.00,3.04,0.00,-7.23,-0.16,0.00,2.14
852.00,2130.00,69.00,3.07,0.00,-9.13,-0.08,0.00,1.89
856.00,2140.00,67.00,3.10,0.00,-3.86,-0.23,0.00,1.97
856.00,2140.00,68.00,2.98,0.00,-6.38,-0.10,0.00,1.96
856.00,2140.00,69.00,3.03,0.00,-8.38,-0.17,0.00,1.94
860.00,2150.00,67.00,2.98,0.00,-3.08,-0.24,0.00,1.87
860.00,2150.00,68.00,2.96,0.00,-5.66,-0.04,0.00,1.85
860.00,2150.00,69.00,2.93,0.00,-7.58,-0.41,0.00,1.98
864.00,2160.00,67.00,2.91,0.00,-2.37,-0.26,0.00,1.83
864.00,2160.00,68.00,2.95,0.00,-4.89,-0.06,0.00,1.90
864.00,2160.00,69.00,2.70,0.00,-6.79,-0.51,0.00,2.00
868.00,2170.00,67.00,2.77,0.00,-1.62,-0.19,0.00,1.94
868.00,2170.00,68.00,2.92,0.00,-4.14,0.12,0.00,1.83
868.00,2170.00,69.00,2.53,0.00,-5.98,-0.55,0.00,2.03
872.00,2180.00,67.00,2.76,0.00,-0.81,-0.21,0.00,1.95
872.00,2180.00,68.00,3.05,0.00,-3.43,0.21,0.00,1.80
872.00,2180.00,69.00,2.26,0.00,-5.16,-0.53,0.00,1.99
876.00,2190.00,67.00,2.60,0.00,-0.06,-0.29,0.00,1.86
876.00,2190.00,68.00,3.09,0.00,-2.70,0.10,0.00,1.81
876.00,2190.00,69.00,2.10,0.00,-4.39,-0.44,0.00,1.99
880.00,2200.00,67.00,2.53,0.00,0.68,-0.24,0.00,1.83
880.00,2200.00,68.00,3.13,0.00,-1.98,0.23,0.00,1.69
880.00,2200.00,69.00,1.91,0.00,-3.57,-0.35,0.00,2.03
884.00,2210.00,67.00,2.40,0.00,1.41,-0.22,0.00,1.91
884.00,2210.00,68.00,3.27,0.00,-1.35,0.27,0.00,1.60
884.00,2210.00,69.00,1.82,0.00,-2.77,-0.03,0.00,2.02
888.00,2220.00,67.00,2.35,0.00,2.20,-0.12,0.00,1.99
888.00,2220.00,68.00,3.34,0.00,-0.70,0.25,0.00,1.72
888.00,2220.00,69.00,1.89,0.00,-1.96,0.09,0.00,2.03
892.00,2230.00,68.00,3.47,0.00,0.03,0.32,0.00,1.81
892.00,2230.00,69.00,1.89,0.00,-1.15,0.13,0.00,1.99
896.00,2240.00,69.00,1.99,0.00,-0.37,0.25,0.00,1.95
920.00,2300.00,70.00,2.85,0.00,0.69,0.21,0.00,-1.21
924.00,2310.00,70.00,2.94,0.00,0.20,0.39,0.00,-1.21
928.00,2320.00,70.00,3.16,0.00,-0.28,0.54,0.00,-1.23
932.00,2330.00,70.00,3.37,0.00,-0.78,0.52,0.00,-1.25
936.00,2340.00,70.00,3.58,0.00,-1.28,0.57,0.00,-1.44
940.00,2350.00,70.00,3.83,0.00,-1.93,0.62,0.00,-1.64
1110.00,2770.00,71.00,2.67,0.00,3.21,0.01,0.00,-1.47
1110.00,2770.00,72.00,1.94,0.00,3.40,-0.22,0.00,-1.49
1110.00,2770.00,73.00,3.65,0.00,0.87,-0.06,0.00,1.42
1110.00,2780.00,71.00,2.67,0.00,2.62,0.03,0.00,-1.50
1110.00,2780.00,72.00,1.85,0.00,2.80,-0.15,0.00,-1.48
1110.00,2780.00,73.00,3.63,0.00,1.44,-0.06,0.00,1.47
1120.00,2790.00,71.00,2.69,0.00,2.01,-0.04,0.00,-1.54
1120.00,2790.00,72.00,1.82,0.00,2.21,-0.08,0.00,-1.42
1120.00,2790.00,73.00,3.61,0.00,2.05,-0.05,0.00,1.49
1120.00,2800.00,71.00,2.64,0.00,1.39,-0.08,0.00,-1.51
1120.00,2800.00,72.00,1.79,0.00,1.67,-0.10,0.00,-1.40
1120.00,2800.00,73.00,3.59,0.00,2.63,-0.06,0.00,1.47
1120.00,2810.00,71.00,2.62,0.00,0.80,-0.01,0.00,-1.50
1120.00,2810.00,72.00,1.74,0.00,1.10,0.01,0.00,-1.46
1130.00,2820.00,71.00,2.63,0.00,0.19,-0.04,0.00,-1.49
1130.00,2820.00,72.00,1.80,0.00,0.49,0.08,0.00,-1.52
1130.00,2830.00,71.00,2.60,0.00,-0.40,-0.01,0.00,-1.47
1130.00,2830.00,72.00,1.80,0.00,-0.12,-0.01,0.00,-1.51
1140.00,2840.00,71.00,2.62,0.00,-0.99,-0.06,0.00,-1.47
1140.00,2840.00,72.00,1.79,0.00,-0.72,-0.01,0.00,-1.51
1140.00,2840.00,75.00,2.30,0.00,-6.92,0.06,0.00,1.09
1140.00,2840.00,76.00,2.87,0.00,-7.69,-0.26,0.00,1.06
1140.00,2840.00,77.00,3.44,0.00,-7.44,-0.26,0.00,1.00
1140.00,2840.00,78.00,3.59,0.00,-6.39,0.10,0.00,1.07
1140.00,2840.00,79.00,1.23,0.00,-8.16,0.00,0.00,0.00
1140.00,2840.00,80.00,1.48,0.00,-9.33,0.00,0.00,0.00
1140.00,2850.00,71.00,2.55,0.00,-1.57,-0.22,0.00,-1.50
1140.00,2850.00,72.00,1.79,0.00,-1.33,-0.13,0.00,-1.57
1140.00,2850.00,75.00,2.32,0.00,-6.48,0.08,0.00,1.09
1140.00,2850.00,76.00,2.77,0.00,-7.27,-0.05,0.00,1.09
1140.00,2850.00,77.00,3.34,0.00,-7.04,-0.26,0.00,1.00
1140.00,2850.00,78.00,3.63,0.00,-5.96,0.15,0.00,1.11
1140.00,2850.00,79.00,1.23,0.00,-8.16,0.00,0.00,0.00
1140.00,2850.00,80.00,1.48,0.00,-9.33,0.00,0.00,0.00
1140.00,2860.00,71.00,2.44,0.00,-2.19,-0.26,0.00,-1.50
1140.00,2860.00,72.00,1.68,0.00,-1.97,-0.25,0.00,-1.59
1140.00,2860.00,75.00,2.36,0.00,-6.05,0.34,0.00,1.14
1140.00,2860.00,76.00,2.83,0.00,-6.82,0.20,0.00,1.10
1140.00,2860.00,78.00,3.71,0.00,-5.50,0.18,0.00,1.21
1140.00,2860.00,79.00,1.23,0.00,-8.16,0.00,0.00,0.00
1140.00,2860.00,80.00,1.48,0.00,-9.33,0.00,0.00,0.00
1150.00,2870.00,71.00,2.34,0.00,-2.77,-0.33,0.00,-1.45
1150.00,2870.00,72.00,1.59,0.00,-2.60,-0.25,0.00,-1.54
1150.00,2870.00,75.00,2.59,0.00,-5.57,0.43,0.00,1.15
1150.00,2870.00,76.00,2.92,0.00,-6.39,0.17,0.00,1.10
1150.00,2870.00,78.00,3.77,0.00,-4.99,0.11,0.00,1.21
1150.00,2870.00,79.00,1.23,0.00,-8.16,0.00,0.00,0.00
1150.00,2870.00,80.00,1.48,0.00,-9.33,0.00,0.00,0.00
1150.00,2870.00,81.00,3.84,0.00,-6.27,0.18,0.00,0.96
1150.00,2880.00,71.00,2.18,0.00,-3.35,-0.27,0.00,-1.51
1150.00,2880.00,72.00,1.48,0.00,-3.21,-0.32,0.00,-1.54
1150.00,2880.00,75.00,2.70,0.00,-5.13,0.18,0.00,1.15
1150.00,2880.00,76.00,2.97,0.00,-5.94,0.28,0.00,1.09
1150.00,2880.00,78.00,3.79,0.00,-4.53,0.14,0.00,1.33
1150.00,2880.00,79.00,1.23,0.00,-8.16,0.00,0.00,0.00
1150.00,2880.00,80.00,1.48,0.00,-9.33,0.00,0.00,0.00
1150.00,2880.00,81.00,3.92,0.00,-5.89,0.26,0.00,1.15
1160.00,2890.00,71.00,2.13,0.00,-3.98,-0.16,0.00,-1.57
1160.00,2890.00,72.00,1.34,0.00,-3.83,-0.25,0.00,-1.60
1160.00,2890.00,75.00,2.73,0.00,-4.65,0.13,0.00,1.20
1160.00,2890.00,76.00,3.15,0.00,-5.52,0.37,0.00,1.00
1160.00,2890.00,78.00,3.88,0.00,-3.93,0.10,0.00,1.40
1160.00,2890.00,79.00,1.23,0.00,-8.16,0.00,0.00,0.00
1160.00,2890.00,80.00,1.48,0.00,-9.33,0.00,0.00,0.00
1160.00,2890.00,81.00,4.05,0.00,-5.35,0.15,0.00,1.13
1160.00,2900.00,71.00,2.05,0.00,-4.61,-0.13,0.00,-1.58
1160.00,2900.00,72.00,1.28,0.00,-4.49,-0.18,0.00,-1.61
1160.00,2900.00,75.00,2.81,0.00,-4.17,0.17,0.00,1.12
1160.00,2900.00,76.00,3.26,0.00,-5.14,0.18,0.00,1.31
1160.00,2900.00,78.00,3.87,0.00,-3.40,-0.02,0.00,1.25
1160.00,2900.00,79.00,1.23,0.00,-8.16,0.00,0.00,0.00
1160.00,2900.00,80.00,1.48,0.00,-9.33,0.00,0.00,0.00
1160.00,2900.00,81.00,4.04,0.00,-4.98,0.06,0.00,1.09
1160.00,2900.00,82.00,3.10,0.00,-9.59,0.09,0.00,1.63
1160.00,2910.00,71.00,2.02,0.00,-5.24,0.05,0.00,-1.57
1160.00,2910.00,72.00,1.19,0.00,-5.12,-0.26,0.00,-1.63
1160.00,2910.00,75.00,2.87,0.00,-3.76,-0.03,0.00,1.06
1160.00,2910.00,76.00,3.30,0.00,-4.47,0.17,0.00,1.43
1160.00,2910.00,78.00,3.86,0.00,-2.93,-0.02,0.00,1.25
1160.00,2910.00,79.00,1.23,0.00,-8.16,0.00,0.00,0.00
1160.00,2910.00,80.00,1.48,0.00,-9.33,0.00,0.00,0.00
1160.00,2910.00,81.00,4.10,0.00,-4.48,0.11,0.00,1.30
1160.00,2910.00,82.00,3.13,0.00,-8.94,0.06,0.00,1.55
1170.00,2920.00,71.00,2.10,0.00,-5.86,0.17,0.00,-1.61
1170.00,2920.00,72.00,1.08,0.00,-5.80,-0.26,0.00,-1.71
1170.00,2920.00,75.00,2.78,0.00,-3.32,-0.21,0.00,1.11
1170.00,2920.00,76.00,3.39,0.00,-3.99,0.24,0.00,1.20
1170.00,2920.00,78.00,3.85,0.00,-2.41,-0.02,0.00,1.32
1170.00,2920.00,79.00,1.23,0.00,-8.16,0.00,0.00,0.00
1170.00,2920.00,80.00,1.48,0.00,-9.33,0.00,0.00,0.00
1170.00,2920.00,81.00,4.13,0.00,-3.94,0.07,0.00,1.36
1170.00,2920.00,82.00,3.14,0.00,-8.34,0.24,0.00,1.47
1170.00,2930.00,71.00,2.15,0.00,-6.53,0.25,0.00,-1.66
1170.00,2930.00,72.00,0.98,0.00,-6.49,-0.33,0.00,-1.71
1170.00,2930.00,79.00,1.23,0.00,-8.16,0.00,0.00,0.00
1170.00,2930.00,80.00,1.48,0.00,-9.33,0.00,0.00,0.00
1170.00,2930.00,82.00,3.32,0.00,-7.76,0.37,0.00,1.38
1180.00,2940.00,71.00,2.30,0.00,-7.20,0.30,0.00,-1.64
1180.00,2940.00,72.00,0.81,0.00,-7.17,-0.28,0.00,-1.67
1180.00,2940.00,79.00,1.23,0.00,-8.16,0.00,0.00,0.00
1180.00,2940.00,80.00,1.48,0.00,-9.33,0.00,0.00,0.00
1180.00,2940.00,82.00,3.44,0.00,-7.24,0.27,0.00,1.33
1180.00,2950.00,71.00,2.39,0.00,-7.84,0.16,0.00,-1.63
1180.00,2950.00,72.00,0.76,0.00,-7.83,-0.08,0.00,-1.87
1180.00,2950.00,79.00,1.23,0.00,-8.16,0.02,0.00,0.02
1180.00,2950.00,80.00,1.48,0.00,-9.33,0.00,0.00,0.00
1180.00,2950.00,82.00,3.54,0.00,-6.70,0.25,0.00,1.36
1180.00,2960.00,71.00,2.43,0.00,-8.50,0.12,0.00,-1.65
1180.00,2960.00,72.00,0.75,0.00,-8.66,-0.08,0.00,-1.90
1180.00,2960.00,79.00,1.25,0.00,-8.15,0.00,0.00,0.03
1180.00,2960.00,80.00,1.48,0.00,-9.33,0.00,0.00,0.00
1190.00,2970.00,71.00,2.48,0.00,-9.16,0.03,0.00,-1.62
1190.00,2970.00,72.00,0.69,0.00,-9.35,0.15,0.00,-1.63
1190.00,2970.00,79.00,1.23,0.00,-8.14,-0.02,0.00,0.00
1190.00,2970.00,80.00,1.48,0.00,-9.33,0.02,0.00,0.00
1190.00,2980.00,71.00,2.45,0.00,-9.80,-0.09,0.00,-1.59
1190.00,2980.00,72.00,0.86,0.00,-9.97,0.43,0.00,-1.54
1190.00,2980.00,79.00,1.23,0.00,-8.14,0.00,0.00,0.00
1190.00,2980.00,80.00,1.50,0.00,-9.33,0.05,0.00,0.00
1240.00,3100.00,83.00,1.66,0.00,2.64,0.19,0.00,-1.52
1240.00,3110.00,83.00,1.74,0.00,2.03,0.08,0.00,-1.48
1240.00,3110.00,84.00,3.40,0.00,-0.86,0.16,0.00,1.39
1250.00,3120.00,83.00,1.72,0.00,1.46,-0.04,0.00,-1.48
1250.00,3120.00,84.00,3.47,0.00,-0.31,0.19,0.00,1.39
1250.00,3130.00,83.00,1.71,0.00,0.85,0.08,0.00,-1.52
1250.00,3130.00,84.00,3.55,0.00,0.25,0.10,0.00,1.42
1260.00,3140.00,83.00,1.79,0.00,0.24,0.05,0.00,-1.52
1260.00,3140.00,84.00,3.55,0.00,0.83,-0.01,0.00,1.46
1260.00,3150.00,83.00,1.75,0.00,-0.37,-0.08,0.00,-1.48
1260.00,3160.00,83.00,1.72,0.00,-0.94,-0.01,0.00,-1.44
1270.00,3170.00,83.00,1.74,0.00,-1.52,-0.06,0.00,-1.49
1270.00,3170.00,85.00,1.22,0.00,-8.24,0.00,0.00,0.00
1270.00,3170.00,86.00,1.41,0.00,-9.28,0.00,0.00,0.00
1270.00,3180.00,83.00,1.67,0.00,-2.13,-0.11,0.00,-1.51
1270.00,3180.00,85.00,1.22,0.00,-8.24,0.00,0.00,0.00
1270.00,3180.00,86.00,1.41,0.00,-9.28,0.00,0.00,0.00
1280.00,3190.00,83.00,1.66,0.00,-2.73,0.01,0.00,-1.52
1280.00,3190.00,85.00,1.22,0.00,-8.24,0.00,0.00,0.00
1280.00,3190.00,86.00,1.41,0.00,-9.28,0.00,0.00,0.00
1280.00,3200.00,83.00,1.68,0.00,-3.35,-0.11,0.00,-1.56
1280.00,3200.00,85.00,1.22,0.00,-8.24,0.00,0.00,0.00
1280.00,3200.00,86.00,1.41,0.00,-9.28,0.00,0.00,0.00
1280.00,3200.00,87.00,3.36,0.00,-8.69,-0.08,0.00,1.88
1280.00,3210.00,83.00,1.57,0.00,-3.98,-0.25,0.00,-1.57
1280.00,3210.00,85.00,1.22,0.00,-8.24,0.00,0.00,0.00
1280.00,3210.00,86.00,1.41,0.00,-9.28,0.00,0.00,0.00
1280.00,3210.00,87.00,3.33,0.00,-7.94,-0.02,0.00,1.82
1290.00,3220.00,83.00,1.48,0.00,-4.61,-0.30,0.00,-1.57
1290.00,3220.00,85.00,1.22,0.00,-8.24,0.00,0.00,0.00
1290.00,3220.00,86.00,1.41,0.00,-9.28,0.00,0.00,0.00
1290.00,3220.00,87.00,3.35,0.00,-7.23,-0.02,0.00,1.75
1290.00,3230.00,83.00,1.33,0.00,-5.24,-0.53,0.00,-1.48
1290.00,3230.00,85.00,1.22,0.00,-8.24,0.00,0.00,0.00
1290.00,3230.00,86.00,1.41,0.00,-9.28,0.00,0.00,0.00
1290.00,3230.00,87.00,3.31,0.00,-6.54,-0.17,0.00,1.79
1300.00,3240.00,83.00,1.06,0.00,-5.79,-0.53,0.00,-1.44
1300.00,3240.00,85.00,1.22,0.00,-8.24,0.00,0.00,0.00
1300.00,3240.00,86.00,1.41,0.00,-9.28,0.00,0.00,0.00
1300.00,3240.00,87.00,3.21,0.00,-5.80,-0.26,0.00,1.84
1300.00,3250.00,83.00,0.91,0.00,-6.39,-0.41,0.00,-1.43
1300.00,3250.00,85.00,1.22,0.00,-8.24,0.00,0.00,0.00
1300.00,3250.00,86.00,1.41,0.00,-9.28,0.00,0.00,0.00
1300.00,3260.00,83.00,0.73,0.00,-6.94,-0.53,0.00,-1.38
1300.00,3260.00,85.00,1.22,0.00,-8.24,0.00,0.00,0.00
1300.00,3260.00,86.00,1.41,0.00,-9.28,0.00,0.00,0.03
1310.00,3270.00,83.00,0.49,0.00,-7.49,-0.34,0.00,-1.42
1310.00,3270.00,85.00,1.22,0.00,-8.24,0.00,0.00,0.00
1310.00,3270.00,86.00,1.41,0.00,-9.26,0.00,0.00,0.03
1310.00,3280.00,83.00,0.46,0.00,-8.08,-0.10,0.00,-1.42
1310.00,3280.00,85.00,1.22,0.00,-8.24,0.00,0.00,0.00
1310.00,3280.00,86.00,1.41,0.00,-9.26,0.00,0.00,0.00
1320.00,3290.00,83.00,0.41,0.00,-8.62,-0.17,0.00,-1.39
1320.00,3290.00,85.00,1.22,0.00,-8.24,0.00,0.00,0.00
1320.00,3290.00,86.00,1.41,0.00,-9.26,0.00,0.00,0.00
1320.00,3300.00,83.00,0.32,0.00,-9.19,-0.22,0.00,-1.41
1320.00,3300.00,85.00,1.22,0.00,-8.24,0.00,0.00,0.00
1320.00,3300.00,86.00,1.41,0.00,-9.26,0.00,0.00,0.00
1360.00,3410.00,89.00,1.84,0.00,-0.54,0.12,0.00,-1.21
1360.00,3410.00,90.00,1.29,0.00,-0.71,0.12,0.00,-1.26
1360.00,3410.00,91.00,1.98,0.00,-3.96,0.30,0.00,-1.27
1360.00,3410.00,92.00,1.28,0.00,-8.29,-0.04,0.00,0.10
1360.00,3410.00,93.00,1.41,0.00,-9.20,0.00,0.00,0.00
1370.00,3420.00,89.00,1.88,0.00,-1.03,0.07,0.00,-1.23
1370.00,3420.00,90.00,1.33,0.00,-1.21,0.07,0.00,-1.28
1370.00,3420.00,91.00,2.10,0.00,-4.47,0.30,0.00,-1.30
1370.00,3420.00,92.00,1.26,0.00,-8.25,-0.04,0.00,0.10
1370.00,3420.00,93.00,1.41,0.00,-9.20,0.00,0.00,0.00
1370.00,3430.00,89.00,1.89,0.00,-1.52,0.16,0.00,-1.26
1370.00,3430.00,90.00,1.34,0.00,-1.73,0.18,0.00,-1.30
1370.00,3430.00,91.00,2.22,0.00,-5.00,0.23,0.00,-1.34
1370.00,3430.00,92.00,1.24,0.00,-8.21,-0.02,0.00,0.05
1370.00,3430.00,93.00,1.41,0.00,-9.20,0.00,0.00,0.00
1380.00,3440.00,89.00,2.01,0.00,-2.04,0.28,0.00,-1.28
1380.00,3440.00,90.00,1.48,0.00,-2.25,0.30,0.00,-1.29
1380.00,3440.00,91.00,2.28,0.00,-5.54,0.16,0.00,-1.31
1380.00,3440.00,92.00,1.24,0.00,-8.21,0.00,0.00,0.00
1380.00,3440.00,93.00,1.41,0.00,-9.20,0.00,0.00,0.00
1380.00,3450.00,89.00,2.11,0.00,-2.54,0.23,0.00,-1.34
1380.00,3450.00,90.00,1.58,0.00,-2.76,0.20,0.00,-1.37
1380.00,3450.00,91.00,2.34,0.00,-6.04,0.16,0.00,-1.23
1380.00,3450.00,92.00,1.24,0.00,-8.21,0.00,0.00,0.00
1380.00,3450.00,93.00,1.41,0.00,-9.20,0.00,0.00,0.00
1380.00,3460.00,89.00,2.19,0.00,-3.11,0.25,0.00,-1.37
1380.00,3460.00,90.00,1.64,0.00,-3.35,0.22,0.00,-1.40
1380.00,3460.00,91.00,2.41,0.00,-6.53,0.16,0.00,-1.18
1380.00,3460.00,92.00,1.24,0.00,-8.21,0.00,0.00,0.00
1380.00,3460.00,93.00,1.41,0.00,-9.20,0.00,0.00,0.00
1390.00,3470.00,89.00,2.31,0.00,-3.64,0.27,0.00,-1.32
1390.00,3470.00,90.00,1.76,0.00,-3.88,0.27,0.00,-1.33
1390.00,3470.00,91.00,2.47,0.00,-6.99,0.15,0.00,-1.10
1390.00,3470.00,92.00,1.24,0.00,-8.21,0.00,0.00,0.00
1390.00,3470.00,93.00,1.41,0.00,-9.20,0.00,0.00,0.00
1390.00,3480.00,89.00,2.41,0.00,-4.17,0.20,0.00,-1.33
1390.00,3480.00,90.00,1.86,0.00,-4.41,0.18,0.00,-1.34
1390.00,3480.00,91.00,2.52,0.00,-7.41,0.02,0.00,-1.27
1390.00,3480.00,92.00,1.24,0.00,-8.21,0.00,0.00,-0.03
1390.00,3480.00,93.00,1.41,0.00,-9.20,0.00,0.00,0.00
1390.00,3480.00,94.00,2.47,0.00,-10.10,0.56,0.00,0.32
1400.00,3490.00,89.00,2.47,0.00,-4.71,0.21,0.00,-1.26
1400.00,3490.00,90.00,1.91,0.00,-4.95,0.14,0.00,-1.31
1400.00,3490.00,91.00,2.49,0.00,-8.00,-0.20,0.00,-1.18
1400.00,3490.00,92.00,1.24,0.00,-8.23,0.00,0.00,-0.03
1400.00,3490.00,93.00,1.41,0.00,-9.20,0.00,0.00,0.00
1400.00,3490.00,94.00,2.69,0.00,-10.00,0.59,0.00,0.42
1400.00,3490.00,95.00,3.71,0.00,-10.10,0.21,0.00,1.52
1400.00,3500.00,89.00,2.57,0.00,-5.17,0.15,0.00,-1.05
1400.00,3500.00,90.00,1.97,0.00,-5.45,0.21,0.00,-1.29
1400.00,3500.00,91.00,2.36,0.00,-8.36,-0.15,0.00,-1.16
1400.00,3500.00,92.00,1.24,0.00,-8.23,0.00,0.00,0.00
1400.00,3500.00,93.00,1.41,0.00,-9.20,0.00,0.00,0.00
1400.00,3500.00,94.00,2.94,0.00,-9.80,0.73,0.00,0.59
1400.00,3500.00,95.00,3.80,0.00,-9.54,0.09,0.00,1.62
1400.00,3510.00,89.00,2.59,0.00,-5.55,0.14,0.00,-1.25
1400.00,3510.00,90.00,2.07,0.00,-5.98,0.14,0.00,-1.28
1400.00,3510.00,91.00,2.37,0.00,-8.93,-0.21,0.00,-1.39
1400.00,3510.00,92.00,1.24,0.00,-8.23,0.00,0.00,0.03
1400.00,3510.00,93.00,1.41,0.00,-9.20,0.00,0.00,0.00
1400.00,3510.00,94.00,3.28,0.00,-9.54,0.64,0.00,0.59
1400.00,3510.00,95.00,3.78,0.00,-8.85,0.00,0.00,1.65
1410.00,3520.00,89.00,2.68,0.00,-6.17,0.29,0.00,-1.41
1410.00,3520.00,90.00,2.08,0.00,-6.48,0.00,0.00,-1.30
1410.00,3520.00,91.00,2.19,0.00,-9.46,-0.14,0.00,-1.39
1410.00,3520.00,92.00,1.24,0.00,-8.21,0.00,0.00,0.03
1410.00,3520.00,93.00,1.41,0.00,-9.20,0.00,0.00,0.00
1410.00,3520.00,94.00,3.45,0.00,-9.33,0.51,0.00,0.69
1410.00,3520.00,95.00,3.79,0.00,-8.23,-0.06,0.00,1.48
1410.00,3530.00,89.00,2.82,0.00,-6.68,0.13,0.00,-1.30
1410.00,3530.00,90.00,2.07,0.00,-7.02,0.09,0.00,-1.35
1410.00,3530.00,91.00,2.25,0.00,-10.00,0.15,0.00,-1.46
1410.00,3530.00,92.00,1.24,0.00,-8.21,0.00,0.00,0.00
1410.00,3530.00,93.00,1.41,0.00,-9.20,0.02,0.00,0.02
1410.00,3530.00,94.00,3.68,0.00,-8.99,0.58,0.00,0.86
1410.00,3530.00,95.00,3.73,0.00,-7.67,0.01,0.00,1.47
1420.00,3540.00,89.00,2.79,0.00,-7.21,0.11,0.00,-1.27
1420.00,3540.00,90.00,2.15,0.00,-7.56,0.06,0.00,-1.40
1420.00,3540.00,92.00,1.24,0.00,-8.21,0.00,0.00,0.00
1420.00,3540.00,93.00,1.43,0.00,-9.18,0.07,0.00,0.07
1420.00,3540.00,95.00,3.80,0.00,-7.05,0.17,0.00,1.56
1420.00,3550.00,89.00,2.91,0.00,-7.70,0.14,0.00,-1.27
1420.00,3550.00,90.00,2.12,0.00,-8.14,-0.08,0.00,-1.44
1420.00,3550.00,92.00,1.24,0.00,-8.21,0.00,0.00,0.00
1420.00,3550.00,93.00,1.47,0.00,-9.15,0.03,0.00,0.05
1420.00,3560.00,89.00,2.90,0.00,-8.23,-0.03,0.00,-1.36
1420.00,3560.00,90.00,2.09,0.00,-8.72,0.23,0.00,-1.26
1420.00,3560.00,92.00,1.24,0.00,-8.21,0.00,0.00,0.00
1420.00,3560.00,93.00,1.45,0.00,-9.14,-0.09,0.00,0.00
1430.00,3570.00,89.00,2.89,0.00,-8.78,-0.06,0.00,-1.48
1430.00,3570.00,90.00,2.30,0.00,-9.15,0.07,0.00,-1.23
1430.00,3570.00,92.00,1.24,0.00,-8.21,0.00,0.00,0.00
1430.00,3570.00,93.00,1.40,0.00,-9.14,-0.09,0.00,0.00
1430.00,3580.00,89.00,2.85,0.00,-9.42,-0.08,0.00,-1.58
1430.00,3580.00,90.00,2.14,0.00,-9.70,-0.40,0.00,-1.38
1430.00,3580.00,92.00,1.24,0.00,-8.21,0.00,0.00,0.00
1430.00,3580.00,93.00,1.38,0.00,-9.14,-0.05,0.00,0.00
1600.00,4000.00,96.00,1.98,0.00,3.71,-0.04,0.00,-0.73
1600.00,4000.00,97.00,1.23,0.00,3.25,0.09,0.00,-0.91
1600.00,4000.00,98.00,3.52,0.00,1.95,0.04,0.00,-0.93
1600.00,4000.00,99.00,3.54,0.00,-4.71,0.09,0.00,1.61
1600.00,4000.00,100.00,3.19,0.00,-8.80,-0.69,0.00,1.53
1600.00,4000.00,101.00,1.26,0.00,-8.15,0.00,0.00,0.00
1600.00,4000.00,102.00,1.37,0.00,-9.20,0.00,0.00,0.00
1600.00,4010.00,96.00,1.96,0.00,3.42,0.00,0.00,-0.79
1600.00,4010.00,97.00,1.26,0.00,2.89,0.14,0.00,-0.89
1600.00,4010.00,98.00,3.53,0.00,1.57,0.15,0.00,-1.00
1600.00,4010.00,99.00,3.57,0.00,-4.07,-0.15,0.00,1.41
1600.00,4010.00,100.00,2.92,0.00,-8.19,-0.71,0.00,1.53
1600.00,4010.00,101.00,1.26,0.00,-8.15,-0.02,0.00,0.03
1600.00,4010.00,102.00,1.37,0.00,-9.20,0.00,0.00,0.00
1610.00,4020.00,96.00,1.98,0.00,3.08,-0.14,0.00,-0.84
1610.00,4020.00,97.00,1.34,0.00,2.54,0.09,0.00,-0.91
1610.00,4020.00,98.00,3.63,0.00,1.15,0.23,0.00,-1.03
1610.00,4020.00,99.00,3.42,0.00,-3.58,-0.16,0.00,1.29
1610.00,4020.00,100.00,2.62,0.00,-7.58,-0.71,0.00,1.59
1610.00,4020.00,101.00,1.25,0.00,-8.13,-0.02,0.00,0.03
1610.00,4020.00,102.00,1.37,0.00,-9.20,0.00,0.00,0.03
1610.00,4030.00,96.00,1.85,0.00,2.74,-0.19,0.00,-0.86
1610.00,4030.00,97.00,1.34,0.00,2.16,-0.03,0.00,-0.92
1610.00,4030.00,98.00,3.72,0.00,0.75,0.22,0.00,-0.81
1610.00,4030.00,99.00,3.45,0.00,-3.04,-0.02,0.00,1.32
1610.00,4030.00,100.00,2.35,0.00,-6.92,-0.71,0.00,1.62
1610.00,4030.00,101.00,1.25,0.00,-8.13,0.09,0.00,-0.11
1610.00,4030.00,102.00,1.38,0.00,-9.18,0.00,0.00,0.03
1620.00,4040.00,96.00,1.83,0.00,2.39,0.02,0.00,-0.89
1620.00,4040.00,97.00,1.32,0.00,1.80,-0.03,0.00,-0.94
1620.00,4040.00,98.00,3.81,0.00,0.50,0.13,0.00,-0.41
1620.00,4040.00,99.00,3.40,0.00,-2.53,-0.18,0.00,1.29
1620.00,4040.00,100.00,2.05,0.00,-6.28,-0.74,0.00,1.56
1620.00,4040.00,101.00,1.32,0.00,-8.21,0.15,0.00,-0.21
1620.00,4040.00,102.00,1.38,0.00,-9.18,0.00,0.00,0.00
1620.00,4050.00,96.00,1.87,0.00,2.03,-0.05,0.00,-0.91
1620.00,4050.00,97.00,1.31,0.00,1.41,-0.10,0.00,-1.00
1620.00,4050.00,98.00,3.83,0.00,0.42,0.01,0.00,-0.17
1620.00,4050.00,99.00,3.30,0.00,-2.00,-0.16,0.00,1.29
1620.00,4050.00,100.00,1.76,0.00,-5.67,-0.70,0.00,1.56
1620.00,4050.00,101.00,1.37,0.00,-8.29,0.06,0.00,-0.13
1620.00,4050.00,102.00,1.38,0.00,-9.18,0.00,0.00,0.00
1620.00,4060.00,96.00,1.79,0.00,1.67,-0.07,0.00,-0.93
1620.00,4060.00,97.00,1.23,0.00,1.00,-0.20,0.00,-0.97
1620.00,4060.00,98.00,3.82,0.00,0.36,-0.01,0.00,-0.10
1620.00,4060.00,99.00,3.28,0.00,-1.49,-0.11,0.00,1.24
1620.00,4060.00,100.00,1.49,0.00,-5.03,-0.68,0.00,1.54
1620.00,4060.00,101.00,1.37,0.00,-8.31,0.00,0.00,-0.03
1620.00,4060.00,102.00,1.38,0.00,-9.18,0.00,0.00,0.00
1630.00,4070.00,96.00,1.81,0.00,1.29,0.09,0.00,-0.96
1630.00,4070.00,97.00,1.16,0.00,0.63,-0.22,0.00,-1.04
1630.00,4070.00,98.00,3.82,0.00,0.34,-0.01,0.00,-0.14
1630.00,4070.00,99.00,3.21,0.00,-1.01,-0.18,0.00,1.22
1630.00,4070.00,100.00,1.21,0.00,-4.44,-0.69,0.00,1.47
1630.00,4070.00,101.00,1.37,0.00,-8.31,0.00,0.00,0.00
1630.00,4070.00,102.00,1.38,0.00,-9.18,0.00,0.00,0.00
1630.00,4080.00,96.00,1.86,0.00,0.90,0.03,0.00,-1.07
1630.00,4080.00,97.00,1.05,0.00,0.17,-0.16,0.00,-1.13
1630.00,4080.00,98.00,3.82,0.00,0.25,-0.01,0.00,-0.12
1630.00,4080.00,99.00,3.13,0.00,-0.51,-0.11,0.00,1.36
1630.00,4080.00,100.00,0.94,0.00,-3.85,-0.69,0.00,1.51
1630.00,4080.00,101.00,1.37,0.00,-8.31,0.00,0.00,0.00
1630.00,4080.00,102.00,1.38,0.00,-9.18,0.00,0.00,0.00
1640.00,4090.00,96.00,1.83,0.00,0.43,0.00,0.00,-1.17
1640.00,4090.00,97.00,1.03,0.00,-0.27,-0.03,0.00,-1.00
1640.00,4090.00,98.00,3.82,0.00,0.25,0.00,0.00,0.00
1640.00,4090.00,99.00,3.13,0.00,0.08,-0.04,0.00,1.38
1640.00,4090.00,100.00,0.66,0.00,-3.23,-0.72,0.00,1.47
1640.00,4090.00,101.00,1.37,0.00,-8.31,0.00,0.00,0.00
1640.00,4090.00,102.00,1.38,0.00,-9.18,0.00,0.00,0.00
1640.00,4100.00,96.00,1.86,0.00,-0.03,0.09,0.00,-1.23
1640.00,4100.00,97.00,1.03,0.00,-0.63,0.01,0.00,-1.00
1640.00,4100.00,98.00,3.82,0.00,0.25,0.00,0.00,0.00
1640.00,4100.00,99.00,3.10,0.00,0.59,0.07,0.00,1.24
1640.00,4100.00,100.00,0.36,0.00,-2.68,-0.73,0.00,1.43
1640.00,4100.00,101.00,1.37,0.00,-8.31,0.00,0.00,0.00
1640.00,4100.00,102.00,1.38,0.00,-9.18,0.00,0.00,0.00
1640.00,4110.00,96.00,1.91,0.00,-0.55,-0.02,0.00,-1.16
1640.00,4110.00,97.00,1.04,0.00,-1.07,-0.03,0.00,-1.30
1640.00,4110.00,98.00,3.82,0.00,0.25,0.00,0.00,0.00
1640.00,4110.00,99.00,3.18,0.00,1.07,0.15,0.00,1.17
1640.00,4110.00,100.00,0.07,0.00,-2.09,-0.76,0.00,1.39
1640.00,4110.00,101.00,1.37,0.00,-8.31,0.02,0.00,0.00
1640.00,4110.00,102.00,1.38,0.00,-9.18,0.00,0.00,0.00
1650.00,4120.00,96.00,1.85,0.00,-0.96,0.00,0.00,-1.22
1650.00,4120.00,97.00,1.01,0.00,-1.67,0.02,0.00,-1.31
1650.00,4120.00,98.00,3.82,0.00,0.25,0.00,0.00,0.05
1650.00,4120.00,99.00,3.22,0.00,1.53,0.04,0.00,1.24
1650.00,4120.00,100.00,-0.24,0.00,-1.57,-0.84,0.00,1.28
1650.00,4120.00,101.00,1.39,0.00,-8.32,0.02,0.00,0.00
1650.00,4120.00,102.00,1.38,0.00,-9.18,0.00,0.00,0.00
1650.00,4130.00,96.00,1.91,0.00,-1.53,0.09,0.00,-1.28
1650.00,4130.00,97.00,1.06,0.00,-2.12,0.13,0.00,-1.12
1650.00,4130.00,98.00,3.82,0.00,0.28,0.01,0.00,0.10
1650.00,4130.00,99.00,3.22,0.00,2.06,-0.02,0.00,1.32
1650.00,4130.00,100.00,-0.60,0.00,-1.07,-0.83,0.00,1.18
1650.00,4130.00,101.00,1.39,0.00,-8.32,0.00,0.00,0.00
1650.00,4130.00,102.00,1.38,0.00,-9.18,0.00,0.00,0.00
1660.00,4140.00,96.00,1.92,0.00,-1.99,-0.06,0.00,-1.16
1660.00,4140.00,97.00,1.11,0.00,-2.56,0.15,0.00,-1.15
1660.00,4140.00,100.00,-0.91,0.00,-0.62,-0.85,0.00,0.93
1660.00,4140.00,101.00,1.39,0.00,-8.32,0.00,0.00,0.00
1660.00,4140.00,102.00,1.38,0.00,-9.18,0.00,0.00,0.00
1660.00,4150.00,96.00,1.86,0.00,-2.45,0.05,0.00,-1.22
1660.00,4150.00,97.00,1.18,0.00,-3.03,0.17,0.00,-1.12
1660.00,4150.00,100.00,-1.28,0.00,-0.33,-0.83,0.00,0.89
1660.00,4150.00,101.00,1.39,0.00,-8.32,0.00,0.00,0.00
1660.00,4150.00,102.00,1.38,0.00,-9.18,0.00,0.00,0.00
1660.00,4160.00,96.00,1.96,0.00,-2.96,0.16,0.00,-1.24
1660.00,4160.00,97.00,1.25,0.00,-3.46,0.19,0.00,-1.30
1660.00,4160.00,100.00,-1.58,0.00,0.08,-0.73,0.00,1.08
1660.00,4160.00,101.00,1.39,0.00,-8.32,0.00,0.00,0.00
1660.00,4160.00,102.00,1.38,0.00,-9.18,0.00,0.00,0.00
1670.00,4170.00,96.00,1.99,0.00,-3.44,0.00,0.00,-1.22
1670.00,4170.00,97.00,1.32,0.00,-4.07,0.11,0.00,-1.32
1670.00,4170.00,100.00,-1.87,0.00,0.54,-0.73,0.00,1.13
1670.00,4170.00,101.00,1.39,0.00,-8.32,0.00,0.00,0.00
1670.00,4170.00,102.00,1.38,0.00,-9.18,0.00,0.00,0.00
1670.00,4180.00,96.00,1.96,0.00,-3.94,0.12,0.00,-1.23
1670.00,4180.00,97.00,1.34,0.00,-4.51,0.15,0.00,-1.17
1670.00,4180.00,101.00,1.39,0.00,-8.32,0.00,0.00,0.00
1670.00,4180.00,102.00,1.38,0.00,-9.18,0.00,0.00,0.00
1680.00,4190.00,96.00,2.08,0.00,-4.43,0.21,0.00,-1.24
1680.00,4190.00,97.00,1.44,0.00,-5.00,0.15,0.00,-1.17
1680.00,4190.00,101.00,1.39,0.00,-8.32,0.00,0.00,0.00
1680.00,4190.00,102.00,1.38,0.00,-9.18,0.00,0.00,0.00
1680.00,4200.00,96.00,2.13,0.00,-4.93,0.10,0.00,-1.20
1680.00,4200.00,97.00,1.45,0.00,-5.45,0.08,0.00,-1.16
1680.00,4200.00,101.00,1.39,0.00,-8.32,0.00,0.00,0.00
1680.00,4200.00,102.00,1.38,0.00,-9.18,0.00,0.00,0.00
1680.00,4210.00,96.00,2.16,0.00,-5.39,0.30,0.00,-1.17
1680.00,4210.00,97.00,1.50,0.00,-5.93,0.28,0.00,-1.20
1680.00,4210.00,101.00,1.39,0.00,-8.32,0.00,0.00,0.00
1680.00,4210.00,102.00,1.38,0.00,-9.18,0.00,0.00,0.00
1690.00,4220.00,96.00,2.37,0.00,-5.87,0.37,0.00,-1.20
1690.00,4220.00,97.00,1.68,0.00,-6.41,0.47,0.00,-1.14
1690.00,4220.00,101.00,1.39,0.00,-8.32,0.00,0.00,0.00
1690.00,4220.00,102.00,1.38,0.00,-9.18,0.00,0.00,0.00
1690.00,4230.00,96.00,2.45,0.00,-6.35,0.19,0.00,-1.16
1690.00,4230.00,97.00,1.88,0.00,-6.84,0.35,0.00,-1.13
1690.00,4230.00,101.00,1.39,0.00,-8.32,0.00,0.00,0.00
1690.00,4230.00,102.00,1.38,0.00,-9.18,0.00,0.00,0.00
1700.00,4240.00,96.00,2.52,0.00,-6.79,0.30,0.00,-1.12
1700.00,4240.00,97.00,1.96,0.00,-7.31,0.39,0.00,-1.28
1700.00,4240.00,101.00,1.39,0.00,-8.32,0.00,0.00,0.00
1700.00,4240.00,102.00,1.38,0.00,-9.18,0.00,0.00,0.00
1700.00,4240.00,103.00,3.89,0.00,-8.35,-0.54,0.00,1.61
1700.00,4250.00,96.00,2.70,0.00,-7.24,0.22,0.00,-1.08
1700.00,4250.00,97.00,2.19,0.00,-7.87,0.46,0.00,-1.23
1700.00,4250.00,101.00,1.39,0.00,-8.32,0.00,0.00,0.00
1700.00,4250.00,102.00,1.38,0.00,-9.18,0.05,0.00,0.00
1700.00,4250.00,103.00,3.68,0.00,-7.71,-0.27,0.00,1.66
1700.00,4260.00,96.00,2.69,0.00,-7.66,-0.01,0.00,-1.04
1700.00,4260.00,97.00,2.33,0.00,-8.29,0.35,0.00,-1.07
1700.00,4260.00,101.00,1.39,0.00,-8.32,0.00,0.00,0.00
1700.00,4260.00,102.00,1.41,0.00,-9.18,0.09,0.00,0.00
1700.00,4260.00,103.00,3.68,0.00,-7.02,0.00,0.00,1.72
1770.00,4430.00,104.00,1.34,0.00,-9.22,0.00,0.00,0.00
1770.00,4430.00,105.00,1.37,0.00,-8.27,0.00,0.00,0.00
1770.00,4430.00,106.00,2.59,0.00,-9.50,0.07,0.00,0.40
1770.00,4430.00,107.00,3.28,0.00,-9.48,0.06,0.00,0.34
1780.00,4440.00,104.00,1.34,0.00,-9.22,0.00,0.00,0.00
1780.00,4440.00,105.00,1.37,0.00,-8.27,0.00,0.00,0.00
1780.00,4440.00,106.00,2.62,0.00,-9.35,0.02,0.00,0.45
1780.00,4440.00,107.00,3.31,0.00,-9.34,0.02,0.00,0.42
1780.00,4450.00,104.00,1.34,0.00,-9.22,0.00,0.00,0.00
1780.00,4450.00,105.00,1.37,0.00,-8.27,0.00,0.00,0.00
1780.00,4450.00,106.00,2.61,0.00,-9.15,-0.13,0.00,0.55
1780.00,4450.00,107.00,3.30,0.00,-9.14,-0.04,0.00,0.57
1780.00,4460.00,104.00,1.34,0.00,-9.22,0.00,0.00,0.00
1780.00,4460.00,105.00,1.37,0.00,-8.27,0.00,0.00,0.00
1780.00,4460.00,106.00,2.52,0.00,-8.90,-0.18,0.00,0.53
1780.00,4460.00,107.00,3.28,0.00,-8.89,-0.06,0.00,0.57
1790.00,4470.00,104.00,1.34,0.00,-9.22,0.00,0.00,0.03
1790.00,4470.00,105.00,1.37,0.00,-8.27,0.00,0.00,0.00
1790.00,4470.00,106.00,2.47,0.00,-8.72,-0.04,0.00,0.58
1790.00,4470.00,107.00,3.25,0.00,-8.69,-0.06,0.00,0.57
1790.00,4480.00,104.00,1.34,0.00,-9.20,0.00,0.00,0.03
1790.00,4480.00,105.00,1.37,0.00,-8.27,0.00,0.00,0.00
1790.00,4480.00,106.00,2.49,0.00,-8.44,0.05,0.00,0.59
1790.00,4480.00,107.00,3.23,0.00,-8.43,-0.04,0.00,0.52
1800.00,4490.00,104.00,1.34,0.00,-9.20,0.00,0.00,0.00
1800.00,4490.00,105.00,1.37,0.00,-8.27,0.00,0.00,0.00
1800.00,4490.00,106.00,2.52,0.00,-8.25,-0.04,0.00,0.55
1800.00,4490.00,107.00,3.22,0.00,-8.27,-0.19,0.00,0.61
1800.00,4490.00,108.00,3.79,0.00,-3.65,0.00,0.00,-1.71
1800.00,4500.00,104.00,1.34,0.00,-9.20,0.00,0.00,-0.03
1800.00,4500.00,105.00,1.37,0.00,-8.27,0.00,0.00,0.00
1800.00,4500.00,106.00,2.46,0.00,-8.00,-0.22,0.00,0.61
1800.00,4500.00,107.00,3.08,0.00,-7.94,-0.10,0.00,0.62
1800.00,4500.00,108.00,3.79,0.00,-4.33,0.06,0.00,-1.76
1800.00,4510.00,104.00,1.34,0.00,-9.22,0.00,0.00,-0.03
1800.00,4510.00,105.00,1.37,0.00,-8.27,0.00,0.00,0.00
1800.00,4510.00,106.00,2.34,0.00,-7.76,-0.20,0.00,0.56
1800.00,4510.00,107.00,3.14,0.00,-7.77,0.05,0.00,0.47
1800.00,4510.00,108.00,3.84,0.00,-5.06,0.01,0.00,-1.91
1800.00,4510.00,109.00,2.81,0.00,2.22,0.25,0.00,-1.22
1810.00,4520.00,104.00,1.34,0.00,-9.22,0.00,0.00,0.00
1810.00,4520.00,105.00,1.37,0.00,-8.27,0.00,0.00,0.00
1810.00,4520.00,106.00,2.30,0.00,-7.55,-0.06,0.00,0.58
1810.00,4520.00,107.00,3.11,0.00,-7.57,-0.17,0.00,0.58
1810.00,4520.00,108.00,3.80,0.00,-5.86,0.04,0.00,-1.81
1810.00,4520.00,109.00,2.91,0.00,1.74,0.27,0.00,-1.20
1810.00,4530.00,104.00,1.34,0.00,-9.22,0.00,0.00,0.00
1810.00,4530.00,105.00,1.37,0.00,-8.27,0.00,0.00,0.00
1810.00,4530.00,106.00,2.29,0.00,-7.29,-0.01,0.00,0.57
1810.00,4530.00,107.00,3.00,0.00,-7.31,-0.19,0.00,0.61
1810.00,4530.00,108.00,3.87,0.00,-6.51,0.09,0.00,-1.67
1810.00,4530.00,109.00,3.03,0.00,1.27,0.28,0.00,-1.12
1820.00,4540.00,104.00,1.34,0.00,-9.22,0.00,0.00,0.00
1820.00,4540.00,105.00,1.37,0.00,-8.27,0.00,0.00,0.00
1820.00,4540.00,106.00,2.29,0.00,-7.09,-0.15,0.00,0.63
1820.00,4540.00,107.00,2.96,0.00,-7.09,-0.19,0.00,0.66
1820.00,4540.00,108.00,3.87,0.00,-7.19,0.00,0.00,-1.71
1820.00,4540.00,109.00,3.13,0.00,0.84,0.32,0.00,-1.10
1820.00,4550.00,104.00,1.34,0.00,-9.22,0.00,0.00,0.00
1820.00,4550.00,105.00,1.37,0.00,-8.27,0.00,0.00,0.00
1820.00,4550.00,106.00,2.17,0.00,-6.79,-0.31,0.00,0.72
1820.00,4550.00,107.00,2.85,0.00,-6.78,-0.21,0.00,0.68
1820.00,4550.00,109.00,3.29,0.00,0.39,0.37,0.00,-0.99
1820.00,4560.00,104.00,1.34,0.00,-9.22,0.00,0.00,0.00
1820.00,4560.00,105.00,1.37,0.00,-8.27,0.00,0.00,0.00
1820.00,4560.00,106.00,2.04,0.00,-6.52,-0.08,0.00,0.68
1820.00,4560.00,107.00,2.79,0.00,-6.54,-0.08,0.00,0.58
1820.00,4560.00,109.00,3.43,0.00,0.05,0.31,0.00,-0.85
1830.00,4570.00,104.00,1.34,0.00,-9.22,0.00,0.00,0.00
1830.00,4570.00,105.00,1.37,0.00,-8.27,0.00,0.00,0.00
1830.00,4570.00,106.00,2.11,0.00,-6.24,0.15,0.00,0.59
1830.00,4570.00,107.00,2.78,0.00,-6.32,0.03,0.00,0.47
1830.00,4570.00,109.00,3.54,0.00,-0.30,0.27,0.00,-0.87
1830.00,4570.00,110.00,2.55,0.00,2.37,-0.26,0.00,-1.48
1830.00,4580.00,104.00,1.34,0.00,-9.22,0.00,0.00,0.03
1830.00,4580.00,105.00,1.37,0.00,-8.27,0.00,0.00,0.00
1830.00,4580.00,106.00,2.16,0.00,-6.05,-0.01,0.00,0.65
1830.00,4580.00,107.00,2.81,0.00,-6.16,-0.06,0.00,0.57
1830.00,4580.00,110.00,2.44,0.00,1.77,-0.04,0.00,-1.49
1840.00,4590.00,104.00,1.34,0.00,-9.20,-0.02,0.00,0.03
1840.00,4590.00,105.00,1.37,0.00,-8.27,0.00,0.00,0.00
1840.00,4590.00,106.00,2.10,0.00,-5.73,-0.17,0.00,0.74
1840.00,4590.00,107.00,2.74,0.00,-5.86,-0.17,0.00,0.68
1840.00,4590.00,110.00,2.52,0.00,1.17,0.12,0.00,-1.52
1840.00,4600.00,104.00,1.32,0.00,-9.20,-0.05,0.00,0.03
1840.00,4600.00,105.00,1.37,0.00,-8.27,0.00,0.00,0.00
1840.00,4600.00,106.00,2.03,0.00,-5.46,-0.08,0.00,0.58
1840.00,4600.00,107.00,2.68,0.00,-5.62,-0.03,0.00,0.70
1840.00,4600.00,110.00,2.54,0.00,0.56,0.05,0.00,-1.56
1840.00,4610.00,104.00,1.30,0.00,-9.18,-0.04,0.00,0.05
1840.00,4610.00,105.00,1.37,0.00,-8.27,0.00,0.00,0.00
1840.00,4610.00,106.00,2.04,0.00,-5.26,0.10,0.00,0.56
1840.00,4610.00,107.00,2.71,0.00,-5.30,0.03,0.00,0.64
1840.00,4610.00,110.00,2.56,0.00,-0.07,0.17,0.00,-1.55
1850.00,4620.00,104.00,1.28,0.00,-9.16,-0.05,0.00,0.03
1850.00,4620.00,105.00,1.37,0.00,-8.27,0.00,0.00,0.00
1850.00,4620.00,106.00,2.11,0.00,-5.01,0.10,0.00,0.56
1850.00,4620.00,107.00,2.70,0.00,-5.11,0.01,0.00,0.52
1850.00,4620.00,110.00,2.67,0.00,-0.68,0.08,0.00,-1.51
1850.00,4630.00,104.00,1.27,0.00,-9.16,-0.10,0.00,-0.12
1850.00,4630.00,105.00,1.37,0.00,-8.27,0.00,0.00,0.00
1850.00,4630.00,106.00,2.12,0.00,-4.81,-0.11,0.00,0.61
1850.00,4630.00,107.00,2.72,0.00,-4.89,-0.02,0.00,0.47
1850.00,4630.00,110.00,2.62,0.00,-1.28,0.19,0.00,-1.55
1860.00,4640.00,104.00,1.20,0.00,-9.25,-0.17,0.00,-0.09
1860.00,4640.00,105.00,1.37,0.00,-8.27,0.00,0.00,0.00
1860.00,4640.00,106.00,2.02,0.00,-4.52,-0.17,0.00,0.62
1860.00,4640.00,107.00,2.69,0.00,-4.73,-0.04,0.00,0.52
1860.00,4640.00,110.00,2.82,0.00,-1.92,0.32,0.00,-1.62
1860.00,4650.00,104.00,1.13,0.00,-9.23,-0.12,0.00,0.03
1860.00,4650.00,105.00,1.37,0.00,-8.27,0.00,0.00,0.00
1860.00,4650.00,106.00,1.98,0.00,-4.32,0.00,0.00,0.50
1860.00,4650.00,107.00,2.68,0.00,-4.47,-0.06,0.00,0.65
1860.00,4650.00,110.00,2.88,0.00,-2.58,0.30,0.00,-1.63
1860.00,4660.00,104.00,1.11,0.00,-9.23,-0.05,0.00,0.00
1860.00,4660.00,105.00,1.37,0.00,-8.27,0.00,0.00,0.00
1860.00,4660.00,106.00,2.03,0.00,-4.12,0.09,0.00,0.44
1860.00,4660.00,107.00,2.64,0.00,-4.21,-0.04,0.00,0.52
1860.00,4660.00,110.00,3.06,0.00,-3.23,0.41,0.00,-1.65
1870.00,4670.00,104.00,1.09,0.00,-9.23,0.03,0.00,0.05
1870.00,4670.00,105.00,1.37,0.00,-8.27,0.00,0.00,0.00
1870.00,4670.00,106.00,2.05,0.00,-3.97,-0.09,0.00,0.51
1870.00,4670.00,107.00,2.65,0.00,-4.05,-0.09,0.00,0.50
1870.00,4670.00,110.00,3.20,0.00,-3.89,0.14,0.00,-1.69
1870.00,4680.00,104.00,1.13,0.00,-9.19,0.15,0.00,0.14
1870.00,4680.00,105.00,1.37,0.00,-8.27,0.00,0.00,0.00
1870.00,4680.00,106.00,1.96,0.00,-3.72,-0.27,0.00,0.60
1870.00,4680.00,107.00,2.57,0.00,-3.81,-0.22,0.00,0.59
1870.00,4680.00,110.00,3.17,0.00,-4.58,0.09,0.00,-1.70
1880.00,4690.00,104.00,1.21,0.00,-9.11,0.30,0.00,-0.07
1880.00,4690.00,105.00,1.37,0.00,-8.27,0.00,0.00,0.00
1880.00,4690.00,106.00,1.84,0.00,-3.49,-0.13,0.00,0.54
1880.00,4690.00,107.00,2.48,0.00,-3.58,-0.11,0.00,0.53
1880.00,4690.00,110.00,3.27,0.00,-5.26,-0.13,0.00,-1.64
1880.00,4690.00,112.00,3.72,0.00,-8.71,-0.01,0.00,1.47
1880.00,4700.00,104.00,1.37,0.00,-9.24,0.25,0.00,-0.21
1880.00,4700.00,105.00,1.37,0.00,-8.27,0.00,0.00,0.00
1880.00,4700.00,106.00,1.85,0.00,-3.29,0.10,0.00,0.54
1880.00,4700.00,107.00,2.49,0.00,-3.38,0.07,0.00,0.54
1880.00,4700.00,110.00,3.06,0.00,-5.89,-0.31,0.00,-1.65
1880.00,4700.00,112.00,3.71,0.00,-8.12,0.01,0.00,1.42
1880.00,4710.00,104.00,1.41,0.00,-9.28,0.04,0.00,-0.15
1880.00,4710.00,105.00,1.37,0.00,-8.27,0.00,0.00,0.00
1880.00,4710.00,106.00,1.92,0.00,-3.06,0.12,0.00,0.48
1880.00,4710.00,107.00,2.54,0.00,-3.15,0.09,0.00,0.48
1880.00,4710.00,110.00,3.02,0.00,-6.58,-0.32,0.00,-1.70
1880.00,4710.00,112.00,3.72,0.00,-7.57,0.03,0.00,1.40
1890.00,4720.00,104.00,1.40,0.00,-9.36,-0.05,0.00,-0.02
1890.00,4720.00,105.00,1.37,0.00,-8.27,0.00,0.00,0.00
1890.00,4720.00,106.00,1.95,0.00,-2.90,-0.04,0.00,0.53
1890.00,4720.00,107.00,2.56,0.00,-2.99,-0.04,0.00,0.50
1890.00,4720.00,110.00,2.81,0.00,-7.25,-0.41,0.00,-1.70
1890.00,4720.00,112.00,3.73,0.00,-7.01,-0.21,0.00,1.54
1890.00,4730.00,104.00,1.37,0.00,-9.30,-0.04,0.00,0.05
1890.00,4730.00,105.00,1.37,0.00,-8.27,0.00,0.00,0.00
1890.00,4730.00,106.00,1.89,0.00,-2.64,-0.15,0.00,0.62
1890.00,4730.00,107.00,2.50,0.00,-2.75,-0.15,0.00,0.61
1890.00,4730.00,110.00,2.70,0.00,-7.94,-0.23,0.00,-1.70
1890.00,4730.00,112.00,3.56,0.00,-6.34,-0.38,0.00,1.68
1900.00,4740.00,104.00,1.37,0.00,-9.32,-0.07,0.00,-0.05
1900.00,4740.00,105.00,1.37,0.00,-8.27,0.00,0.00,0.00
1900.00,4740.00,106.00,1.82,0.00,-2.41,-0.01,0.00,0.57
1900.00,4740.00,107.00,2.44,0.00,-2.51,-0.04,0.00,0.60
1900.00,4740.00,110.00,2.62,0.00,-8.61,-0.38,0.00,-1.62
1900.00,4740.00,112.00,3.43,0.00,-5.67,-0.19,0.00,1.51
1900.00,4750.00,104.00,1.31,0.00,-9.34,0.05,0.00,-0.03
1900.00,4750.00,105.00,1.37,0.00,-8.27,-0.05,0.00,-0.10
1900.00,4750.00,106.00,1.87,0.00,-2.18,0.17,0.00,0.58
1900.00,4750.00,107.00,2.48,0.00,-2.27,0.15,0.00,0.58
1900.00,4750.00,110.00,2.39,0.00,-9.23,-0.29,0.00,-1.63
1900.00,4750.00,112.00,3.41,0.00,-5.13,-0.19,0.00,1.54
1900.00,4760.00,104.00,1.40,0.00,-9.34,0.12,0.00,-0.01
1900.00,4760.00,105.00,1.33,0.00,-8.35,-0.01,0.00,-0.13
1900.00,4760.00,106.00,1.96,0.00,-1.95,0.12,0.00,0.51
1900.00,4760.00,107.00,2.56,0.00,-2.05,0.12,0.00,0.50
1900.00,4760.00,110.00,2.39,0.00,-9.91,0.00,0.00,-1.70
1900.00,4760.00,112.00,3.28,0.00,-4.43,0.05,0.00,1.74
1910.00,4770.00,104.00,1.40,0.00,-9.34,0.03,0.00,0.07
1910.00,4770.00,105.00,1.36,0.00,-8.37,0.05,0.00,0.05
1910.00,4770.00,106.00,1.97,0.00,-1.77,-0.11,0.00,0.54
1910.00,4770.00,107.00,2.57,0.00,-1.87,-0.09,0.00,0.53
1910.00,4770.00,112.00,3.44,0.00,-3.74,0.13,0.00,1.65
1910.00,4780.00,104.00,1.43,0.00,-9.28,0.00,0.00,0.08
1910.00,4780.00,105.00,1.37,0.00,-8.31,0.01,0.00,0.13
1910.00,4780.00,106.00,1.87,0.00,-1.52,-0.18,0.00,0.55
1910.00,4780.00,107.00,2.49,0.00,-1.62,-0.15,0.00,0.54
1910.00,4780.00,112.00,3.39,0.00,-3.11,-0.07,0.00,1.60
1920.00,4790.00,104.00,1.41,0.00,-9.28,0.00,0.00,0.00
1920.00,4790.00,105.00,1.37,0.00,-8.27,0.00,0.00,0.05
1920.00,4790.00,106.00,1.83,0.00,-1.34,0.00,0.00,0.47
1920.00,4790.00,107.00,2.45,0.00,-1.44,-0.02,0.00,0.50
1920.00,4790.00,112.00,3.39,0.00,-2.46,0.11,0.00,1.67
1920.00,4800.00,104.00,1.43,0.00,-9.28,0.00,0.00,0.03
1920.00,4800.00,105.00,1.37,0.00,-8.27,0.00,0.00,0.00
1920.00,4800.00,106.00,1.88,0.00,-1.14,0.12,0.00,0.51
1920.00,4800.00,107.00,2.48,0.00,-1.23,0.10,0.00,0.53
1920.00,4800.00,112.00,3.48,0.00,-1.77,0.06,0.00,1.61
1920.00,4810.00,104.00,1.41,0.00,-9.26,0.00,0.00,0.03
1920.00,4810.00,105.00,1.37,0.00,-8.27,0.00,0.00,0.00
1920.00,4810.00,106.00,1.92,0.00,-0.93,0.03,0.00,0.62
1920.00,4810.00,107.00,2.53,0.00,-1.02,0.13,0.00,0.72
1920.00,4810.00,112.00,3.44,0.00,-1.18,0.03,0.00,1.44
1930.00,4820.00,104.00,1.43,0.00,-9.26,0.00,0.00,0.05
1930.00,4820.00,105.00,1.37,0.00,-8.27,0.00,0.00,0.00
1930.00,4820.00,106.00,1.90,0.00,-0.65,-0.12,0.00,0.69
1930.00,4820.00,107.00,2.58,0.00,-0.65,0.05,0.00,0.54
1930.00,4820.00,112.00,3.50,0.00,-0.62,0.12,0.00,1.40
1930.00,4830.00,104.00,1.41,0.00,-9.22,0.02,0.00,0.00
1930.00,4830.00,105.00,1.37,0.00,-8.27,0.00,0.00,0.00
1930.00,4830.00,106.00,1.83,0.00,-0.38,-0.18,0.00,0.55
1930.00,4830.00,107.00,2.57,0.00,-0.59,-0.05,0.00,0.33
1930.00,4830.00,112.00,3.53,0.00,-0.06,-0.02,0.00,1.37
1940.00,4840.00,104.00,1.45,0.00,-9.27,0.02,0.00,-0.03
1940.00,4840.00,105.00,1.37,0.00,-8.27,-0.02,0.00,0.00
1940.00,4840.00,106.00,1.76,0.00,-0.22,-0.07,0.00,0.43
1940.00,4840.00,107.00,2.54,0.00,-0.39,-0.09,0.00,0.53
1940.00,4840.00,112.00,3.49,0.00,0.47,0.00,0.00,1.27
1940.00,4850.00,104.00,1.43,0.00,-9.24,-0.02,0.00,-0.02
1940.00,4850.00,105.00,1.35,0.00,-8.27,-0.05,0.00,0.00
1940.00,4850.00,106.00,1.77,0.00,-0.04,0.07,0.00,0.46
1940.00,4850.00,107.00,2.50,0.00,-0.16,-0.05,0.00,0.43
1940.00,4850.00,112.00,3.53,0.00,0.95,0.08,0.00,1.08
1940.00,4860.00,104.00,1.43,0.00,-9.28,-0.02,0.00,-0.02
1940.00,4860.00,105.00,1.33,0.00,-8.27,-0.02,0.00,0.00
1940.00,4860.00,106.00,1.82,0.00,0.15,0.03,0.00,0.52
1940.00,4860.00,107.00,2.51,0.00,-0.05,0.00,0.00,0.42
1940.00,4860.00,112.00,3.55,0.00,1.34,-0.17,0.00,1.05
1950.00,4870.00,104.00,1.41,0.00,-9.26,-0.07,0.00,0.05
1950.00,4870.00,105.00,1.33,0.00,-8.27,-0.01,0.00,-0.10
1950.00,4870.00,106.00,1.79,0.00,0.38,-0.06,0.00,0.51
1950.00,4870.00,107.00,2.50,0.00,0.17,0.00,0.00,0.47
1950.00,4870.00,112.00,3.40,0.00,1.79,-0.18,0.00,1.20
1950.00,4880.00,104.00,1.37,0.00,-9.24,-0.07,0.00,0.03
1950.00,4880.00,105.00,1.33,0.00,-8.35,0.02,0.00,0.00
1950.00,4880.00,106.00,1.77,0.00,0.56,-0.05,0.00,0.40
1950.00,4880.00,107.00,2.51,0.00,0.33,-0.04,0.00,0.47
1950.00,4880.00,112.00,3.41,0.00,2.30,0.06,0.00,1.20
1960.00,4890.00,104.00,1.35,0.00,-9.24,-0.12,0.00,0.01
1960.00,4890.00,105.00,1.35,0.00,-8.27,0.03,0.00,0.10
1960.00,4890.00,106.00,1.76,0.00,0.70,0.07,0.00,0.41
1960.00,4890.00,107.00,2.47,0.00,0.55,-0.11,0.00,0.56
1960.00,4890.00,112.00,3.45,0.00,2.75,0.00,0.00,1.29
1960.00,4900.00,104.00,1.28,0.00,-9.24,0.04,0.00,-0.05
1960.00,4900.00,105.00,1.35,0.00,-8.27,0.04,0.00,-0.10
1960.00,4900.00,106.00,1.82,0.00,0.89,0.19,0.00,0.47
1960.00,4900.00,107.00,2.42,0.00,0.77,-0.09,0.00,0.53
1960.00,4900.00,112.00,3.41,0.00,3.33,-0.10,0.00,1.43
1960.00,4910.00,104.00,1.39,0.00,-9.28,0.09,0.00,0.00
1960.00,4910.00,105.00,1.38,0.00,-8.36,0.00,0.00,0.00
1960.00,4910.00,106.00,1.91,0.00,1.07,0.14,0.00,0.42
1960.00,4910.00,107.00,2.40,0.00,0.98,-0.06,0.00,0.60
1970.00,4920.00,104.00,1.35,0.00,-9.24,-0.05,0.00,0.03
1970.00,4920.00,105.00,1.35,0.00,-8.27,-0.04,0.00,0.10
1970.00,4920.00,106.00,1.93,0.00,1.23,-0.04,0.00,0.53
1970.00,4920.00,107.00,2.38,0.00,1.25,-0.08,0.00,0.63
1970.00,4930.00,104.00,1.35,0.00,-9.26,-0.07,0.00,0.08
1970.00,4930.00,105.00,1.35,0.00,-8.27,0.00,0.00,0.00
1970.00,4930.00,106.00,1.87,0.00,1.49,-0.11,0.00,0.59
1970.00,4930.00,107.00,2.33,0.00,1.48,-0.09,0.00,0.51
1980.00,4940.00,104.00,1.30,0.00,-9.18,-0.06,0.00,0.10
1980.00,4940.00,105.00,1.35,0.00,-8.27,0.00,0.00,0.00
1980.00,4940.00,106.00,1.85,0.00,1.70,0.01,0.00,0.52
1980.00,4940.00,107.00,2.31,0.00,1.66,0.00,0.00,0.49
1980.00,4950.00,104.00,1.30,0.00,-9.18,0.00,0.00,0.00
1980.00,4950.00,105.00,1.35,0.00,-8.27,0.00,0.00,0.00
1980.00,4950.00,106.00,1.88,0.00,1.91,0.07,0.00,0.51
1980.00,4950.00,107.00,2.34,0.00,1.87,0.07,0.00,0.51
1980.00,4960.00,104.00,1.30,0.00,-9.18,0.00,0.00,0.00
1980.00,4960.00,105.00,1.35,0.00,-8.27,-0.02,0.00,-0.02
1980.00,4960.00,106.00,1.91,0.00,2.10,0.03,0.00,0.47
1980.00,4960.00,107.00,2.37,0.00,2.06,0.03,0.00,0.46
1990.00,4970.00,104.00,1.30,0.00,-9.18,0.00,0.00,0.00
1990.00,4970.00,105.00,1.33,0.00,-8.29,-0.05,0.00,-0.02
1990.00,4970.00,106.00,1.90,0.00,2.28,-0.11,0.00,0.54
1990.00,4970.00,107.00,2.36,0.00,2.24,0.12,0.00,0.47
1990.00,4980.00,104.00,1.30,0.00,-9.18,0.00,0.00,0.00
1990.00,4980.00,105.00,1.31,0.00,-8.29,-0.14,0.00,0.08
1990.00,4980.00,106.00,1.82,0.00,2.53,-0.13,0.00,0.52
1990.00,4980.00,107.00,2.46,0.00,2.44,0.14,0.00,0.47
2000.00,4990.00,104.00,1.30,0.00,-9.18,0.00,0.00,0.00
2000.00,4990.00,105.00,1.22,0.00,-8.22,-0.19,0.00,0.04
2000.00,4990.00,106.00,1.79,0.00,2.69,-0.04,0.00,0.50
2000.00,4990.00,107.00,2.47,0.00,2.62,0.01,0.00,0.52
2000.00,5000.00,104.00,1.30,0.00,-9.18,0.04,0.00,-0.10
2000.00,5000.00,105.00,1.16,0.00,-8.26,-0.12,0.00,0.01
2000.00,5000.00,106.00,1.79,0.00,2.93,-0.04,0.00,0.53
2000.00,5000.00,107.00,2.46,0.00,2.85,-0.02,0.00,0.52
2000.00,5010.00,104.00,1.33,0.00,-9.26,0.08,0.00,-0.21
2000.00,5010.00,105.00,1.13,0.00,-8.22,-0.09,0.00,0.11
2000.00,5010.00,106.00,1.76,0.00,3.12,-0.07,0.00,0.46
2000.00,5010.00,107.00,2.46,0.00,3.03,-0.02,0.00,0.45
2100.00,5240.00,113.00,2.59,0.00,-4.14,-0.09,0.00,0.85
2100.00,5240.00,114.00,1.59,0.00,-4.06,-0.19,0.00,0.82
2100.00,5240.00,115.00,-0.43,0.00,0.61,-0.56,0.00,-1.29
2100.00,5240.00,116.00,-1.97,0.00,0.45,0.00,0.00,0.00
2100.00,5240.00,117.00,-1.47,0.00,-3.14,0.00,0.00,0.00
2100.00,5250.00,113.00,2.56,0.00,-3.80,-0.20,0.00,0.94
2100.00,5250.00,114.00,1.51,0.00,-3.73,-0.09,0.00,0.88
2100.00,5250.00,115.00,-0.65,0.00,0.09,-0.61,0.00,-1.21
2100.00,5250.00,116.00,-1.97,0.00,0.45,0.00,0.00,0.00
2100.00,5250.00,117.00,-1.47,0.00,-3.14,0.00,0.00,0.00
2100.00,5260.00,113.00,2.43,0.00,-3.40,-0.18,0.00,0.94
2100.00,5260.00,114.00,1.51,0.00,-3.35,-0.04,0.00,0.91
2100.00,5260.00,115.00,-0.91,0.00,-0.36,-0.61,0.00,-1.24
2100.00,5260.00,116.00,-1.97,0.00,0.45,0.00,0.00,0.00
2100.00,5260.00,117.00,-1.47,0.00,-3.14,0.00,0.00,0.00
2110.00,5270.00,113.00,2.41,0.00,-3.06,-0.02,0.00,0.94
2110.00,5270.00,114.00,1.48,0.00,-3.01,-0.18,0.00,0.97
2110.00,5270.00,115.00,-1.14,0.00,-0.90,-0.54,0.00,-1.26
2110.00,5270.00,116.00,-1.97,0.00,0.45,0.00,0.00,0.00
2110.00,5270.00,117.00,-1.47,0.00,-3.14,0.15,0.00,0.06
2110.00,5280.00,113.00,2.42,0.00,-2.64,-0.02,0.00,0.89
2110.00,5280.00,114.00,1.37,0.00,-2.57,-0.16,0.00,0.99
2110.00,5280.00,115.00,-1.35,0.00,-1.37,-0.62,0.00,-1.26
2110.00,5280.00,116.00,-1.97,0.00,0.45,0.00,0.00,0.00
2110.00,5280.00,117.00,-1.35,0.00,-3.09,0.30,0.00,-0.01
2120.00,5290.00,113.00,2.40,0.00,-2.34,-0.14,0.00,0.86
2120.00,5290.00,114.00,1.35,0.00,-2.21,0.05,0.00,0.97
2120.00,5290.00,115.00,-1.63,0.00,-1.90,-0.58,0.00,-1.37
2120.00,5290.00,116.00,-1.97,0.00,0.45,0.02,0.00,0.00
2120.00,5290.00,117.00,-1.23,0.00,-3.15,0.10,0.00,-0.06
2120.00,5300.00,113.00,2.31,0.00,-1.96,-0.09,0.00,0.95
2120.00,5300.00,114.00,1.41,0.00,-1.80,0.06,0.00,1.02
2120.00,5300.00,115.00,-1.81,0.00,-2.46,-0.33,0.00,-1.41
2120.00,5300.00,116.00,-1.95,0.00,0.45,0.02,0.00,0.00
2120.00,5300.00,117.00,-1.27,0.00,-3.14,-0.02,0.00,0.05
2120.00,5310.00,113.00,2.33,0.00,-1.58,0.08,0.00,0.98
2120.00,5310.00,114.00,1.40,0.00,-1.40,-0.11,0.00,1.01
2120.00,5310.00,115.00,-1.90,0.00,-3.03,-0.08,0.00,-1.41
2120.00,5310.00,116.00,-1.95,0.00,0.45,0.00,0.00,0.00
2120.00,5310.00,117.00,-1.25,0.00,-3.10,0.07,0.00,-0.01
2130.00,5320.00,113.00,2.37,0.00,-1.17,0.01,0.00,0.99
2130.00,5320.00,114.00,1.33,0.00,-0.99,-0.02,0.00,0.90
2130.00,5320.00,115.00,-1.87,0.00,-3.59,-0.31,0.00,-1.37
2130.00,5320.00,116.00,-1.95,0.00,0.45,0.00,0.00,0.00
2130.00,5320.00,117.00,-1.21,0.00,-3.15,-0.05,0.00,-0.05
2130.00,5330.00,113.00,2.34,0.00,-0.79,-0.24,0.00,1.05
2130.00,5330.00,114.00,1.38,0.00,-0.68,0.14,0.00,0.85
2130.00,5330.00,115.00,-2.15,0.00,-4.12,-0.54,0.00,-1.43
2130.00,5330.00,116.00,-1.95,0.00,0.45,0.00,0.00,0.00
2130.00,5330.00,117.00,-1.29,0.00,-3.14,0.00,0.00,0.08
2140.00,5340.00,113.00,2.18,0.00,-0.34,-0.10,0.00,1.13
2140.00,5340.00,114.00,1.44,0.00,-0.31,0.03,0.00,0.94
2140.00,5340.00,115.00,-2.30,0.00,-4.73,0.11,0.00,-1.44
2140.00,5340.00,116.00,-1.95,0.00,0.45,0.00,0.00,0.00
2140.00,5340.00,117.00,-1.21,0.00,-3.09,0.10,0.00,0.07
2140.00,5350.00,113.00,2.26,0.00,0.11,0.06,0.00,1.00
2140.00,5350.00,114.00,1.41,0.00,0.08,-0.16,0.00,0.92
2140.00,5350.00,115.00,-2.05,0.00,-5.27,0.27,0.00,-1.40
2140.00,5350.00,116.00,-1.95,0.00,0.45,0.00,0.00,0.00
2140.00,5350.00,117.00,-1.21,0.00,-3.09,0.07,0.00,-0.03
2140.00,5360.00,113.00,2.22,0.00,0.47,-0.22,0.00,1.02
2140.00,5360.00,114.00,1.31,0.00,0.43,-0.09,0.00,0.89
2140.00,5360.00,115.00,-2.09,0.00,-5.85,0.01,0.00,-1.51
2140.00,5360.00,116.00,-1.95,0.00,0.45,0.00,0.00,0.00
2140.00,5360.00,117.00,-1.15,0.00,-3.11,-0.20,0.00,-0.03
2150.00,5370.00,113.00,2.08,0.00,0.93,-0.35,0.00,1.14
2150.00,5370.00,114.00,1.33,0.00,0.78,0.05,0.00,0.89
2150.00,5370.00,115.00,-2.05,0.00,-6.48,0.11,0.00,-1.57
2150.00,5370.00,116.00,-1.95,0.00,0.45,0.00,0.00,0.00
2150.00,5370.00,117.00,-1.37,0.00,-3.11,-0.54,0.00,0.01
2270.00,5680.00,118.00,2.41,0.00,-0.51,0.35,0.00,1.48
2270.00,5680.00,119.00,1.29,0.00,3.70,-0.17,0.00,-1.36
2270.00,5680.00,120.00,0.59,0.00,3.25,-0.02,0.00,-1.25
2270.00,5680.00,122.00,2.71,0.00,-8.06,0.19,0.00,1.92
2280.00,5690.00,118.00,2.55,0.00,0.08,0.22,0.00,1.54
2280.00,5690.00,119.00,1.22,0.00,3.15,-0.05,0.00,-1.33
2280.00,5690.00,120.00,0.58,0.00,2.75,-0.10,0.00,-1.31
2280.00,5690.00,122.00,2.79,0.00,-7.29,0.10,0.00,1.93
2280.00,5700.00,118.00,2.58,0.00,0.73,0.24,0.00,1.56
2280.00,5700.00,119.00,1.25,0.00,2.63,0.02,0.00,-1.32
2280.00,5700.00,120.00,0.51,0.00,2.20,-0.01,0.00,-1.38
2280.00,5700.00,122.00,2.79,0.00,-6.52,-0.03,0.00,1.98
2280.00,5710.00,118.00,2.74,0.00,1.33,0.31,0.00,1.47
2280.00,5710.00,119.00,1.24,0.00,2.09,-0.03,0.00,-1.29
2280.00,5710.00,120.00,0.57,0.00,1.64,0.09,0.00,-1.32
2280.00,5710.00,122.00,2.76,0.00,-5.70,0.04,0.00,2.00
2290.00,5720.00,118.00,2.83,0.00,1.91,0.06,0.00,1.48
2290.00,5720.00,119.00,1.23,0.00,1.60,-0.03,0.00,-1.42
2290.00,5720.00,120.00,0.58,0.00,1.14,0.00,0.00,-1.33
2290.00,5720.00,122.00,2.82,0.00,-4.92,0.08,0.00,1.99
2290.00,5730.00,118.00,2.79,0.00,2.52,-0.10,0.00,1.53
2290.00,5730.00,119.00,1.21,0.00,0.96,0.01,0.00,-1.55
2290.00,5730.00,120.00,0.57,0.00,0.58,0.09,0.00,-1.42
2290.00,5730.00,122.00,2.83,0.00,-4.11,0.09,0.00,2.04
2300.00,5740.00,119.00,1.23,0.00,0.36,0.11,0.00,-1.34
2300.00,5740.00,120.00,0.65,0.00,0.01,0.09,0.00,-1.32
2300.00,5740.00,122.00,2.89,0.00,-3.29,0.06,0.00,2.01
2300.00,5750.00,119.00,1.30,0.00,-0.11,0.12,0.00,-1.29
2300.00,5750.00,120.00,0.64,0.00,-0.47,-0.05,0.00,-1.23
2300.00,5750.00,122.00,2.88,0.00,-2.50,-0.14,0.00,2.08
2300.00,5760.00,119.00,1.33,0.00,-0.67,0.11,0.00,-1.41
2300.00,5760.00,120.00,0.61,0.00,-0.97,0.07,0.00,-1.27
2300.00,5760.00,122.00,2.78,0.00,-1.62,-0.09,0.00,2.15
2310.00,5770.00,119.00,1.39,0.00,-1.24,0.19,0.00,-1.57
2310.00,5770.00,120.00,0.70,0.00,-1.49,0.23,0.00,-1.39
2310.00,5770.00,122.00,2.81,0.00,-0.78,-0.05,0.00,2.00
2310.00,5780.00,119.00,1.48,0.00,-1.93,0.19,0.00,-1.60
2310.00,5780.00,120.00,0.80,0.00,-2.08,0.13,0.00,-1.47
2310.00,5780.00,122.00,2.74,0.00,-0.02,-0.10,0.00,1.91
2320.00,5790.00,119.00,1.54,0.00,-2.52,0.34,0.00,-1.46
2320.00,5790.00,120.00,0.80,0.00,-2.67,0.32,0.00,-1.52
2320.00,5790.00,122.00,2.73,0.00,0.75,-0.08,0.00,1.88
2320.00,5800.00,119.00,1.75,0.00,-3.10,0.38,0.00,-1.54
2320.00,5800.00,120.00,1.05,0.00,-3.30,0.34,0.00,-1.55
2320.00,5800.00,122.00,2.68,0.00,1.48,-0.06,0.00,1.85
2320.00,5810.00,119.00,1.84,0.00,-3.75,0.27,0.00,-1.45
2320.00,5810.00,120.00,1.07,0.00,-3.90,0.24,0.00,-1.51
2320.00,5810.00,122.00,2.68,0.00,2.22,0.01,0.00,1.86
2330.00,5820.00,119.00,1.96,0.00,-4.26,0.29,0.00,-1.37
2330.00,5820.00,120.00,1.24,0.00,-4.50,0.43,0.00,-1.50
2330.00,5820.00,123.00,1.35,0.00,-8.37,0.24,0.00,0.14
2330.00,5820.00,124.00,1.45,0.00,-9.23,0.00,0.00,0.00
2330.00,5830.00,119.00,2.08,0.00,-4.85,0.37,0.00,-1.58
2330.00,5830.00,120.00,1.42,0.00,-5.10,0.40,0.00,-1.62
2330.00,5830.00,123.00,1.44,0.00,-8.32,0.12,0.00,0.07
2330.00,5830.00,124.00,1.45,0.00,-9.23,0.00,0.00,0.00
2340.00,5840.00,119.00,2.26,0.00,-5.52,0.38,0.00,-1.38
2340.00,5840.00,120.00,1.56,0.00,-5.80,0.38,0.00,-1.49
2340.00,5840.00,123.00,1.44,0.00,-8.32,0.00,0.00,0.00
2340.00,5840.00,124.00,1.45,0.00,-9.23,0.00,0.00,0.00
2340.00,5850.00,119.00,2.38,0.00,-5.95,0.42,0.00,-1.45
2340.00,5850.00,120.00,1.72,0.00,-6.29,0.39,0.00,-1.38
2340.00,5850.00,123.00,1.44,0.00,-8.32,0.00,0.00,0.00
2340.00,5850.00,124.00,1.45,0.00,-9.23,0.00,0.00,0.00
2340.00,5860.00,119.00,2.60,0.00,-6.68,0.39,0.00,-1.72
2340.00,5860.00,120.00,1.87,0.00,-6.90,0.27,0.00,-1.42
2340.00,5860.00,123.00,1.44,0.00,-8.32,0.00,0.00,0.00
2340.00,5860.00,124.00,1.45,0.00,-9.23,0.00,0.00,0.00
2350.00,5870.00,119.00,2.69,0.00,-7.32,0.35,0.00,-1.56
2350.00,5870.00,120.00,1.94,0.00,-7.43,0.36,0.00,-1.50
2350.00,5870.00,123.00,1.44,0.00,-8.32,0.00,0.00,0.00
2350.00,5870.00,124.00,1.45,0.00,-9.23,0.00,0.00,0.00
2350.00,5880.00,119.00,2.88,0.00,-7.93,0.35,0.00,-1.51
2350.00,5880.00,120.00,2.16,0.00,-8.10,0.42,0.00,-1.58
2350.00,5880.00,123.00,1.44,0.00,-8.32,-0.09,0.00,0.01
2350.00,5880.00,124.00,1.45,0.00,-9.23,0.00,0.00,0.00
2360.00,5890.00,119.00,2.97,0.00,-8.53,0.34,0.00,-1.68
2360.00,5890.00,120.00,2.27,0.00,-8.69,0.10,0.00,-1.50
2360.00,5890.00,123.00,1.37,0.00,-8.31,-0.02,0.00,0.03
2360.00,5890.00,124.00,1.45,0.00,-9.23,0.00,0.00,0.00
2360.00,5900.00,119.00,3.15,0.00,-9.27,0.44,0.00,-1.86
2360.00,5900.00,120.00,2.24,0.00,-9.31,-0.08,0.00,-1.54
2360.00,5900.00,123.00,1.42,0.00,-8.30,0.14,0.00,0.04
2360.00,5900.00,124.00,1.45,0.00,-9.23,0.00,0.00,0.00
2530.00,6320.00,125.00,2.71,0.00,-5.58,-0.16,0.00,1.20
2530.00,6320.00,126.00,3.80,0.00,-4.84,0.26,0.00,1.63
2530.00,6320.00,127.00,2.65,0.00,-1.35,-0.58,0.00,0.32
2530.00,6330.00,125.00,2.65,0.00,-5.10,-0.05,0.00,1.17
2530.00,6330.00,126.00,3.90,0.00,-4.19,0.16,0.00,1.79
2530.00,6330.00,127.00,2.42,0.00,-1.22,-0.48,0.00,0.41
2540.00,6340.00,125.00,2.67,0.00,-4.65,0.11,0.00,1.15
2540.00,6340.00,126.00,3.92,0.00,-3.41,0.07,0.00,1.82
2540.00,6340.00,127.00,2.27,0.00,-1.02,-0.34,0.00,0.54
2540.00,6350.00,125.00,2.74,0.00,-4.18,0.09,0.00,1.20
2540.00,6350.00,126.00,3.96,0.00,-2.73,0.18,0.00,1.68
2540.00,6350.00,127.00,2.15,0.00,-0.79,-0.25,0.00,0.43
2540.00,6360.00,125.00,2.74,0.00,-3.69,0.20,0.00,1.19
2540.00,6360.00,126.00,4.07,0.00,-2.06,0.03,0.00,1.77
2540.00,6360.00,127.00,2.07,0.00,-0.68,-0.33,0.00,0.29
2550.00,6370.00,125.00,2.90,0.00,-3.23,0.52,0.00,1.20
2550.00,6370.00,126.00,3.98,0.00,-1.31,-0.21,0.00,1.87
2550.00,6370.00,127.00,1.89,0.00,-0.55,-0.47,0.00,0.36
2550.00,6380.00,125.00,3.16,0.00,-2.73,0.54,0.00,1.26
2550.00,6380.00,127.00,1.70,0.00,-0.38,-0.40,0.00,0.38
2560.00,6390.00,125.00,3.33,0.00,-2.22,0.43,0.00,1.27
2560.00,6390.00,127.00,1.57,0.00,-0.25,-0.28,0.00,0.46
2560.00,6400.00,127.00,1.48,0.00,-0.01,-0.21,0.00,0.45
2560.00,6410.00,127.00,1.41,0.00,0.12,-0.22,0.00,0.33
2570.00,6420.00,127.00,1.30,0.00,0.25,-0.30,0.00,0.42
2570.00,6430.00,127.00,1.16,0.00,0.45,-0.28,0.00,0.39
2580.00,6440.00,127.00,1.08,0.00,0.56,-0.22,0.00,0.28
2670.00,6680.00,128.00,1.86,0.00,0.31,0.00,0.00,-1.74
2680.00,6690.00,128.00,1.86,0.00,-0.39,0.13,0.00,-1.78
2680.00,6700.00,128.00,1.97,0.00,-1.12,0.18,0.00,-1.81
2680.00,6710.00,128.00,2.00,0.00,-1.84,0.04,0.00,-1.72
2680.00,6710.00,129.00,3.69,0.00,-2.85,-0.37,0.00,0.68
2680.00,6710.00,130.00,3.57,0.00,-4.78,-0.67,0.00,1.79
2680.00,6710.00,131.00,0.29,0.00,1.63,-0.25,0.00,-0.97
2690.00,6720.00,128.00,2.00,0.00,-2.49,0.16,0.00,-1.76
2690.00,6720.00,129.00,3.54,0.00,-2.58,-0.25,0.00,0.76
2690.00,6720.00,130.00,3.30,0.00,-4.06,-0.60,0.00,1.81
2690.00,6720.00,131.00,0.19,0.00,1.24,-0.32,0.00,-0.93
2690.00,6730.00,128.00,2.13,0.00,-3.24,0.22,0.00,-1.89
2690.00,6730.00,129.00,3.49,0.00,-2.24,-0.19,0.00,0.71
2690.00,6730.00,130.00,3.09,0.00,-3.33,-0.77,0.00,1.71
2690.00,6730.00,131.00,0.03,0.00,0.89,-0.36,0.00,-0.90
2700.00,6740.00,128.00,2.18,0.00,-4.00,0.21,0.00,-1.98
2700.00,6740.00,129.00,3.39,0.00,-2.02,-0.31,0.00,0.55
2700.00,6740.00,130.00,2.69,0.00,-2.69,-0.89,0.00,1.61
2700.00,6740.00,131.00,-0.11,0.00,0.52,-0.29,0.00,-0.84
2700.00,6750.00,128.00,2.30,0.00,-4.83,0.30,0.00,-2.07
2700.00,6750.00,129.00,3.24,0.00,-1.80,-0.27,0.00,0.50
2700.00,6750.00,130.00,2.38,0.00,-2.04,-0.87,0.00,1.59
2700.00,6750.00,131.00,-0.20,0.00,0.21,-0.19,0.00,-0.83
2700.00,6760.00,129.00,3.18,0.00,-1.62,-0.16,0.00,0.44
2700.00,6760.00,130.00,1.99,0.00,-1.42,-1.00,0.00,1.55
2700.00,6760.00,131.00,-0.26,0.00,-0.15,-0.12,0.00,-0.87
2700.00,6760.00,132.00,1.83,0.00,2.02,-0.13,0.00,-1.56
2710.00,6770.00,129.00,3.12,0.00,-1.45,-0.10,0.00,0.23
2710.00,6770.00,130.00,1.58,0.00,-0.81,-0.87,0.00,1.56
2710.00,6770.00,131.00,-0.30,0.00,-0.49,-0.05,0.00,-0.83
2710.00,6770.00,132.00,1.78,0.00,1.39,0.07,0.00,-1.62
2710.00,6780.00,129.00,3.10,0.00,-1.43,-0.04,0.00,0.05
2710.00,6780.00,130.00,1.30,0.00,-0.17,-0.68,0.00,1.57
2710.00,6780.00,131.00,-0.30,0.00,-0.81,0.07,0.00,-0.87
2710.00,6780.00,132.00,1.89,0.00,0.72,0.19,0.00,-1.61
2710.00,6780.00,133.00,-1.35,0.00,-1.08,0.07,0.00,0.40
2710.00,6780.00,134.00,-1.93,0.00,0.55,0.27,0.00,1.14
2720.00,6790.00,130.00,1.03,0.00,0.45,-0.41,0.00,1.51
2720.00,6790.00,131.00,-0.24,0.00,-1.18,0.09,0.00,-0.90
2720.00,6790.00,132.00,1.93,0.00,0.10,0.07,0.00,-1.60
2720.00,6790.00,133.00,-1.32,0.00,-0.92,0.00,0.00,0.49
2720.00,6790.00,134.00,-1.82,0.00,1.00,0.29,0.00,1.09
2720.00,6790.00,136.00,3.14,0.00,-1.41,0.04,0.00,-0.05
2720.00,6800.00,130.00,0.97,0.00,1.04,-0.06,0.00,1.46
2720.00,6800.00,131.00,-0.22,0.00,-1.53,-0.03,0.00,-0.86
2720.00,6800.00,132.00,1.95,0.00,-0.56,0.16,0.00,-1.63
2720.00,6800.00,133.00,-1.34,0.00,-0.69,-0.09,0.00,0.58
2720.00,6800.00,134.00,-1.70,0.00,1.42,0.19,0.00,1.08
2720.00,6800.00,136.00,3.15,0.00,-1.44,0.04,0.00,-0.05
2720.00,6800.00,137.00,3.27,0.00,-3.06,-0.51,0.00,-1.17
2720.00,6810.00,130.00,0.99,0.00,1.62,0.03,0.00,1.44
2720.00,6810.00,131.00,-0.26,0.00,-1.87,-0.20,0.00,-0.87
2720.00,6810.00,132.00,2.06,0.00,-1.21,0.14,0.00,-1.63
2720.00,6810.00,133.00,-1.39,0.00,-0.46,-0.03,0.00,0.39
2720.00,6810.00,134.00,-1.67,0.00,1.86,0.21,0.00,1.04
2720.00,6810.00,136.00,3.17,0.00,-1.46,0.02,0.00,-0.08
2720.00,6810.00,137.00,3.06,0.00,-3.52,-0.54,0.00,-1.14
2730.00,6820.00,131.00,-0.38,0.00,-2.22,-0.42,0.00,-0.89
2730.00,6820.00,132.00,2.06,0.00,-1.86,0.21,0.00,-1.66
2730.00,6820.00,133.00,-1.37,0.00,-0.38,0.21,0.00,0.23
2730.00,6820.00,134.00,-1.53,0.00,2.25,0.36,0.00,0.97
2730.00,6820.00,136.00,3.17,0.00,-1.50,0.02,0.00,-0.08
2730.00,6820.00,137.00,2.84,0.00,-3.97,-0.60,0.00,-1.07
2730.00,6830.00,131.00,-0.59,0.00,-2.58,-0.57,0.00,-0.65
2730.00,6830.00,132.00,2.22,0.00,-2.54,0.28,0.00,-1.60
2730.00,6830.00,133.00,-1.22,0.00,-0.27,0.36,0.00,0.26
2730.00,6830.00,136.00,3.19,0.00,-1.52,0.04,0.00,-0.03
2730.00,6830.00,137.00,2.58,0.00,-4.38,-0.54,0.00,-1.08
2740.00,6840.00,131.00,-0.84,0.00,-2.74,-0.54,0.00,-0.42
2740.00,6840.00,132.00,2.28,0.00,-3.14,0.16,0.00,-1.60
2740.00,6840.00,133.00,-1.08,0.00,-0.17,0.21,0.00,0.30
2740.00,6840.00,136.00,3.20,0.00,-1.52,0.02,0.00,-0.03
2740.00,6840.00,137.00,2.41,0.00,-4.84,-0.43,0.00,-1.10
2740.00,6840.00,138.00,1.40,0.00,-8.32,0.05,0.00,0.00
2740.00,6840.00,139.00,1.24,0.00,-9.32,0.10,0.00,0.05
2740.00,6850.00,131.00,-1.02,0.00,-2.92,-0.50,0.00,-0.53
2740.00,6850.00,132.00,2.35,0.00,-3.82,0.39,0.00,-1.68
2740.00,6850.00,133.00,-1.05,0.00,-0.03,0.03,0.00,0.46
2740.00,6850.00,136.00,3.20,0.00,-1.54,-0.02,0.00,-0.05
2740.00,6850.00,137.00,2.24,0.00,-5.26,-0.40,0.00,-1.03
2740.00,6850.00,138.00,1.42,0.00,-8.32,0.05,0.00,0.00
2740.00,6850.00,139.00,1.28,0.00,-9.30,0.07,0.00,0.05
2740.00,6860.00,131.00,-1.23,0.00,-3.17,-0.47,0.00,-0.51
2740.00,6860.00,132.00,2.59,0.00,-4.48,0.48,0.00,-1.66
2740.00,6860.00,133.00,-1.06,0.00,0.19,-0.02,0.00,0.56
2740.00,6860.00,136.00,3.18,0.00,-1.56,-0.02,0.00,-0.02
2740.00,6860.00,137.00,2.09,0.00,-5.66,-0.20,0.00,-1.08
2740.00,6860.00,138.00,1.44,0.00,-8.32,0.02,0.00,0.00
2740.00,6860.00,139.00,1.30,0.00,-9.28,0.00,0.00,0.03
2750.00,6870.00,131.00,-1.40,0.00,-3.33,-0.42,0.00,-0.42
2750.00,6870.00,132.00,2.74,0.00,-5.15,0.49,0.00,-1.90
2750.00,6870.00,136.00,3.18,0.00,-1.56,0.00,0.00,0.00
2750.00,6870.00,137.00,2.08,0.00,-6.12,0.05,0.00,-1.10
2750.00,6870.00,138.00,1.44,0.00,-8.32,0.00,0.00,0.00
2750.00,6870.00,139.00,1.28,0.00,-9.28,-0.02,0.00,-0.02
2750.00,6870.00,140.00,2.00,0.00,2.01,-0.14,0.00,-1.66
2750.00,6870.00,141.00,2.61,0.00,3.26,0.10,0.00,-1.54
2750.00,6880.00,132.00,2.98,0.00,-6.00,0.55,0.00,-1.88
2750.00,6880.00,136.00,3.18,0.00,-1.56,0.00,0.00,0.02
2750.00,6880.00,137.00,2.13,0.00,-6.54,0.03,0.00,-1.12
2750.00,6880.00,138.00,1.44,0.00,-8.32,0.05,0.00,0.10
2750.00,6880.00,139.00,1.28,0.00,-9.30,-0.02,0.00,0.00
2750.00,6880.00,140.00,1.94,0.00,1.34,-0.03,0.00,-1.82
2750.00,6880.00,141.00,2.65,0.00,2.64,-0.04,0.00,-1.51
2760.00,6890.00,132.00,3.18,0.00,-6.65,0.36,0.00,-1.75
2760.00,6890.00,136.00,3.19,0.00,-1.54,-0.02,0.00,0.05
2760.00,6890.00,137.00,2.11,0.00,-7.02,0.05,0.00,-1.18
2760.00,6890.00,138.00,1.48,0.00,-8.24,0.05,0.00,0.07
2760.00,6890.00,139.00,1.26,0.00,-9.28,-0.12,0.00,0.03
2760.00,6890.00,140.00,1.97,0.00,0.55,0.16,0.00,-1.78
2760.00,6890.00,141.00,2.58,0.00,2.05,-0.22,0.00,-1.44
2760.00,6890.00,142.00,0.60,0.00,-9.30,0.01,0.00,0.97
2760.00,6890.00,143.00,0.09,0.00,-9.15,0.01,0.00,1.02
2760.00,6890.00,144.00,0.01,0.00,-6.93,0.00,0.00,0.00
2760.00,6900.00,132.00,3.27,0.00,-7.40,0.33,0.00,-1.87
2760.00,6900.00,136.00,3.17,0.00,-1.52,-0.04,0.00,0.05
2760.00,6900.00,137.00,2.17,0.00,-7.49,0.15,0.00,-1.13
2760.00,6900.00,138.00,1.48,0.00,-8.26,0.00,0.00,-0.03
2760.00,6900.00,139.00,1.18,0.00,-9.27,-0.05,0.00,0.00
2760.00,6900.00,140.00,2.06,0.00,-0.08,0.03,0.00,-1.59
2760.00,6900.00,141.00,2.48,0.00,1.49,-0.19,0.00,-1.44
2760.00,6900.00,142.00,0.60,0.00,-8.92,-0.01,0.00,1.07
2760.00,6900.00,143.00,0.09,0.00,-8.75,0.01,0.00,1.10
2760.00,6900.00,144.00,0.01,0.00,-6.93,0.00,0.00,0.00
2760.00,6910.00,132.00,3.44,0.00,-8.15,0.19,0.00,-1.89
2760.00,6910.00,136.00,3.15,0.00,-1.49,-0.02,0.00,0.03
2760.00,6910.00,137.00,2.22,0.00,-7.93,0.07,0.00,-1.25
2760.00,6910.00,138.00,1.48,0.00,-8.26,-0.09,0.00,-0.02
2760.00,6910.00,139.00,1.22,0.00,-9.27,0.09,0.00,-0.03
2760.00,6910.00,140.00,1.99,0.00,-0.72,0.05,0.00,-1.67
2760.00,6910.00,141.00,2.43,0.00,0.89,-0.22,0.00,-1.47
2760.00,6910.00,142.00,0.59,0.00,-8.45,0.31,0.00,1.22
2760.00,6910.00,143.00,0.10,0.00,-8.28,0.29,0.00,1.23
2760.00,6910.00,144.00,0.01,0.00,-6.93,-0.21,0.00,0.12
2770.00,6920.00,132.00,3.42,0.00,-8.91,0.05,0.00,-1.95
2770.00,6920.00,136.00,3.15,0.00,-1.49,0.02,0.00,0.00
2770.00,6920.00,137.00,2.23,0.00,-8.49,0.14,0.00,-1.23
2770.00,6920.00,138.00,1.41,0.00,-8.28,-0.12,0.00,-0.07
2770.00,6920.00,139.00,1.26,0.00,-9.30,0.09,0.00,-0.03
2770.00,6920.00,140.00,2.10,0.00,-1.41,0.07,0.00,-1.65
2770.00,6920.00,141.00,2.31,0.00,0.32,-0.18,0.00,-1.60
2770.00,6920.00,142.00,0.84,0.00,-7.94,0.52,0.00,1.23
2770.00,6920.00,143.00,0.32,0.00,-7.76,0.45,0.00,1.24
2770.00,6920.00,144.00,-0.16,0.00,-6.83,-0.31,0.00,0.02
2770.00,6930.00,132.00,3.49,0.00,-9.71,0.16,0.00,-1.98
2770.00,6930.00,136.00,3.17,0.00,-1.50,0.04,0.00,-0.03
2770.00,6930.00,137.00,2.33,0.00,-8.91,0.26,0.00,-1.06
2770.00,6930.00,138.00,1.39,0.00,-8.32,-0.05,0.00,-0.07
2770.00,6930.00,139.00,1.29,0.00,-9.30,0.07,0.00,0.00
2770.00,6930.00,140.00,2.05,0.00,-2.04,0.02,0.00,-1.69
2770.00,6930.00,141.00,2.29,0.00,-0.39,-0.07,0.00,-1.67
2770.00,6930.00,142.00,1.00,0.00,-7.46,0.49,0.00,1.20
2770.00,6930.00,143.00,0.46,0.00,-7.28,0.22,0.00,1.33
2770.00,6930.00,144.00,-0.24,0.00,-6.91,-0.17,0.00,0.06
2780.00,6940.00,136.00,3.19,0.00,-1.52,0.02,0.00,-0.08
2780.00,6940.00,138.00,1.37,0.00,-8.33,0.00,0.00,0.00
2780.00,6940.00,139.00,1.31,0.00,-9.30,0.02,0.00,0.00
2780.00,6940.00,140.00,2.12,0.00,-2.76,0.25,0.00,-1.74
2780.00,6940.00,141.00,2.25,0.00,-1.02,-0.06,0.00,-1.50
2780.00,6940.00,142.00,1.24,0.00,-6.98,0.40,0.00,1.23
2780.00,6940.00,143.00,0.50,0.00,-6.70,0.15,0.00,1.31
2780.00,6940.00,144.00,-0.29,0.00,-6.78,-0.02,0.00,0.10
2780.00,6950.00,136.00,3.18,0.00,-1.56,0.02,0.00,-0.10
2780.00,6950.00,138.00,1.39,0.00,-8.32,0.07,0.00,0.00
2780.00,6950.00,139.00,1.31,0.00,-9.30,0.00,0.00,0.00
2780.00,6950.00,140.00,2.25,0.00,-3.43,0.25,0.00,-1.79
2780.00,6950.00,141.00,2.24,0.00,-1.59,0.08,0.00,-1.42
2780.00,6950.00,142.00,1.32,0.00,-6.48,0.05,0.00,1.25
2780.00,6950.00,143.00,0.58,0.00,-6.24,0.16,0.00,1.15
2780.00,6950.00,144.00,-0.26,0.00,-6.82,0.05,0.00,-0.03
2780.00,6960.00,136.00,3.20,0.00,-1.60,0.04,0.00,-0.05
2780.00,6960.00,138.00,1.42,0.00,-8.34,0.02,0.00,0.00
2780.00,6960.00,139.00,1.31,0.00,-9.30,0.00,0.00,0.00
2780.00,6960.00,140.00,2.32,0.00,-4.19,0.27,0.00,-1.79
2780.00,6960.00,141.00,2.32,0.00,-2.15,0.20,0.00,-1.46
2780.00,6960.00,142.00,1.27,0.00,-5.97,0.01,0.00,1.51
2780.00,6960.00,143.00,0.63,0.00,-5.78,0.10,0.00,1.28
2780.00,6960.00,144.00,-0.26,0.00,-6.80,0.02,0.00,-0.10
2790.00,6970.00,136.00,3.22,0.00,-1.60,0.04,0.00,-0.01
2790.00,6970.00,138.00,1.40,0.00,-8.32,-0.05,0.00,0.00
2790.00,6970.00,139.00,1.31,0.00,-9.30,0.00,0.00,0.00
2790.00,6970.00,140.00,2.46,0.00,-4.86,0.25,0.00,-1.71
2790.00,6970.00,141.00,2.39,0.00,-2.76,0.14,0.00,-1.70
2790.00,6970.00,142.00,1.33,0.00,-5.28,0.13,0.00,1.44
2790.00,6970.00,143.00,0.66,0.00,-5.21,0.05,0.00,1.31
2790.00,6970.00,144.00,-0.24,0.00,-6.91,-0.10,0.00,-0.02
2790.00,6970.00,145.00,2.47,0.00,2.93,0.11,0.00,-1.35
2790.00,6970.00,146.00,2.21,0.00,-9.22,0.02,0.00,1.25
2790.00,6980.00,136.00,3.24,0.00,-1.60,0.04,0.00,-0.01
2790.00,6980.00,138.00,1.39,0.00,-8.34,-0.07,0.00,-0.05
2790.00,6980.00,139.00,1.31,0.00,-9.30,0.00,0.00,0.00
2790.00,6980.00,140.00,2.52,0.00,-5.56,0.21,0.00,-1.65
2790.00,6980.00,141.00,2.43,0.00,-3.51,0.17,0.00,-1.83
2790.00,6980.00,142.00,1.38,0.00,-4.82,-0.02,0.00,1.26
2790.00,6980.00,143.00,0.67,0.00,-4.73,0.10,0.00,1.30
2790.00,6980.00,144.00,-0.33,0.00,-6.82,0.00,0.00,0.00
2790.00,6980.00,145.00,2.51,0.00,2.39,0.18,0.00,-1.36
2790.00,6980.00,146.00,2.22,0.00,-8.73,-0.13,0.00,1.36
2790.00,6980.00,147.00,3.73,0.00,-6.77,-0.02,0.00,-0.34
2800.00,6990.00,136.00,3.25,0.00,-1.61,0.02,0.00,-0.03
2800.00,6990.00,138.00,1.35,0.00,-8.35,-0.03,0.00,-0.05
2800.00,6990.00,139.00,1.31,0.00,-9.30,0.00,0.00,0.00
2800.00,6990.00,140.00,2.63,0.00,-6.19,0.37,0.00,-1.64
2800.00,6990.00,141.00,2.53,0.00,-4.22,0.20,0.00,-1.73
2800.00,6990.00,142.00,1.31,0.00,-4.27,-0.01,0.00,1.45
2800.00,6990.00,143.00,0.74,0.00,-4.17,0.13,0.00,1.37
2800.00,6990.00,144.00,-0.24,0.00,-6.91,0.11,0.00,-0.11
2800.00,6990.00,145.00,2.61,0.00,1.85,0.20,0.00,-1.36
2800.00,6990.00,146.00,2.10,0.00,-8.14,-0.29,0.00,1.52
2800.00,6990.00,147.00,3.72,0.00,-6.91,0.00,0.00,-0.02
2800.00,7000.00,136.00,3.25,0.00,-1.62,-0.07,0.00,-0.04
2800.00,7000.00,138.00,1.36,0.00,-8.37,0.07,0.00,0.05
2800.00,7000.00,139.00,1.31,0.00,-9.30,0.00,0.00,0.00
2800.00,7000.00,140.00,2.81,0.00,-6.88,0.34,0.00,-1.71
2800.00,7000.00,141.00,2.59,0.00,-4.90,0.11,0.00,-1.67
2800.00,7000.00,142.00,1.37,0.00,-3.65,0.01,0.00,1.45
2800.00,7000.00,143.00,0.77,0.00,-3.63,0.07,0.00,1.25
2800.00,7000.00,144.00,-0.24,0.00,-6.91,0.00,0.00,0.00
2800.00,7000.00,145.00,2.67,0.00,1.30,0.09,0.00,-1.32
2800.00,7000.00,146.00,1.99,0.00,-7.51,-0.38,0.00,1.55
2800.00,7000.00,147.00,3.73,0.00,-6.79,-0.08,0.00,0.60
2800.00,7010.00,136.00,3.20,0.00,-1.64,-0.20,0.00,0.00
2800.00,7010.00,138.00,1.40,0.00,-8.32,0.05,0.00,-0.03
2800.00,7010.00,139.00,1.31,0.00,-9.30,0.00,0.00,0.00
2800.00,7010.00,140.00,2.90,0.00,-7.56,0.27,0.00,-1.73
2800.00,7010.00,141.00,2.63,0.00,-5.55,0.18,0.00,-1.65
2800.00,7010.00,142.00,1.32,0.00,-3.11,-0.16,0.00,1.39
2800.00,7010.00,143.00,0.79,0.00,-3.17,0.12,0.00,1.22
2800.00,7010.00,144.00,-0.24,0.00,-6.91,0.00,0.00,0.00
2800.00,7010.00,145.00,2.68,0.00,0.79,0.02,0.00,-1.30
2800.00,7010.00,146.00,1.80,0.00,-6.90,-0.40,0.00,1.63
2800.00,7010.00,147.00,3.66,0.00,-6.43,-0.18,0.00,0.90
2810.00,7020.00,136.00,3.09,0.00,-1.62,-0.27,0.00,0.04
2810.00,7020.00,138.00,1.40,0.00,-8.40,0.10,0.00,0.04
2810.00,7020.00,139.00,1.31,0.00,-9.30,0.00,0.00,0.00
2810.00,7020.00,140.00,3.02,0.00,-8.26,0.25,0.00,-1.70
2810.00,7020.00,141.00,2.73,0.00,-6.22,0.18,0.00,-1.70
2810.00,7020.00,142.00,1.24,0.00,-2.54,0.03,0.00,1.40
2810.00,7020.00,143.00,0.86,0.00,-2.65,0.10,0.00,1.32
2810.00,7020.00,144.00,-0.24,0.00,-6.91,0.00,0.00,0.00
2810.00,7020.00,145.00,2.69,0.00,0.26,-0.21,0.00,-1.27
2810.00,7020.00,146.00,1.67,0.00,-6.21,-0.33,0.00,1.68
2810.00,7020.00,148.00,2.10,0.00,-9.58,0.32,0.00,1.68
2810.00,7020.00,149.00,3.74,0.00,-5.99,0.23,0.00,1.06
2810.00,7030.00,138.00,1.48,0.00,-8.28,0.00,0.00,0.08
2810.00,7030.00,139.00,1.31,0.00,-9.30,0.00,0.00,0.00
2810.00,7030.00,140.00,3.10,0.00,-8.91,-0.07,0.00,-1.75
2810.00,7030.00,141.00,2.77,0.00,-6.91,0.27,0.00,-1.78
2810.00,7030.00,142.00,1.35,0.00,-1.99,0.28,0.00,1.17
2810.00,7030.00,143.00,0.87,0.00,-2.11,-0.07,0.00,1.27
2810.00,7030.00,144.00,-0.24,0.00,-6.91,0.00,0.00,0.00
2810.00,7030.00,145.00,2.51,0.00,-0.23,-0.43,0.00,-1.14
2810.00,7030.00,146.00,1.54,0.00,-5.56,-0.17,0.00,1.64
2810.00,7030.00,148.00,2.22,0.00,-8.91,0.13,0.00,1.92
2810.00,7030.00,149.00,3.83,0.00,-5.56,-0.02,0.00,1.37
2810.00,7030.00,150.00,2.96,0.00,-1.63,-0.19,0.00,-0.22
2820.00,7040.00,138.00,1.40,0.00,-8.34,-0.17,0.00,-0.07
2820.00,7040.00,139.00,1.31,0.00,-9.30,0.00,0.00,0.00
2820.00,7040.00,140.00,2.97,0.00,-9.66,-0.33,0.00,-1.87
2820.00,7040.00,141.00,2.95,0.00,-7.64,0.33,0.00,-1.81
2820.00,7040.00,142.00,1.46,0.00,-1.61,0.11,0.00,1.16
2820.00,7040.00,143.00,0.80,0.00,-1.64,-0.09,0.00,1.29
2820.00,7040.00,144.00,-0.24,0.00,-6.91,0.00,0.00,0.00
2820.00,7040.00,145.00,2.34,0.00,-0.66,-0.45,0.00,-1.15
2820.00,7040.00,146.00,1.54,0.00,-4.89,-0.03,0.00,1.63
2820.00,7040.00,148.00,2.20,0.00,-8.05,-0.08,0.00,1.90
2820.00,7040.00,149.00,3.72,0.00,-4.89,-0.03,0.00,1.49
2820.00,7040.00,150.00,2.89,0.00,-1.71,-0.18,0.00,-0.42
2820.00,7050.00,138.00,1.35,0.00,-8.33,0.10,0.00,0.07
2820.00,7050.00,139.00,1.31,0.00,-9.30,0.00,0.00,0.00
2820.00,7050.00,141.00,3.04,0.00,-8.36,0.22,0.00,-1.80
2820.00,7050.00,142.00,1.43,0.00,-1.06,-0.06,0.00,1.43
2820.00,7050.00,143.00,0.80,0.00,-1.08,-0.14,0.00,1.30
2820.00,7050.00,144.00,-0.24,0.00,-6.91,0.00,0.00,0.00
2820.00,7050.00,145.00,2.15,0.00,-1.14,-0.53,0.00,-1.19
2820.00,7050.00,146.00,1.52,0.00,-4.25,-0.10,0.00,1.61
2820.00,7050.00,148.00,2.16,0.00,-7.38,-0.11,0.00,1.75
2820.00,7050.00,149.00,3.80,0.00,-4.37,0.21,0.00,1.37
2820.00,7050.00,150.00,2.82,0.00,-1.96,-0.21,0.00,-0.51
2820.00,7060.00,138.00,1.48,0.00,-8.28,0.17,0.00,0.07
2820.00,7060.00,139.00,1.31,0.00,-9.30,0.00,0.00,0.00
2820.00,7060.00,142.00,1.41,0.00,-0.46,0.02,0.00,1.24
2820.00,7060.00,143.00,0.69,0.00,-0.60,-0.07,0.00,1.24
2820.00,7060.00,144.00,-0.24,0.00,-6.91,0.00,0.00,0.00
2820.00,7060.00,145.00,1.92,0.00,-1.61,-0.38,0.00,-1.12
2820.00,7060.00,146.00,1.46,0.00,-3.61,-0.12,0.00,1.56
2820.00,7060.00,148.00,2.11,0.00,-6.64,-0.27,0.00,1.84
2820.00,7060.00,149.00,3.89,0.00,-3.79,-0.01,0.00,1.49
2820.00,7060.00,150.00,2.72,0.00,-2.13,-0.39,0.00,-0.40
2830.00,7070.00,138.00,1.48,0.00,-8.28,0.00,0.00,0.00
2830.00,7070.00,139.00,1.31,0.00,-9.30,0.00,0.00,0.00
2830.00,7070.00,142.00,1.45,0.00,-0.07,-0.05,0.00,1.18
2830.00,7070.00,143.00,0.74,0.00,-0.09,0.14,0.00,1.26
2830.00,7070.00,144.00,-0.24,0.00,-6.91,0.00,0.00,0.00
2830.00,7070.00,145.00,1.85,0.00,-2.03,-0.09,0.00,-1.23
2830.00,7070.00,146.00,1.42,0.00,-3.00,-0.31,0.00,1.54
2830.00,7070.00,148.00,1.95,0.00,-5.91,-0.36,0.00,1.78
2830.00,7070.00,149.00,3.79,0.00,-3.18,-0.13,0.00,1.40
2830.00,7070.00,150.00,2.51,0.00,-2.28,-0.29,0.00,-0.36
2830.00,7080.00,138.00,1.48,0.00,-8.28,0.00,0.00,0.00
2830.00,7080.00,139.00,1.31,0.00,-9.30,0.00,0.00,0.00
2830.00,7080.00,142.00,1.37,0.00,0.48,-0.09,0.00,1.28
2830.00,7080.00,143.00,0.80,0.00,0.41,0.09,0.00,1.19
2830.00,7080.00,144.00,-0.24,0.00,-6.91,0.00,0.00,0.00
2830.00,7080.00,145.00,1.85,0.00,-2.59,-0.03,0.00,-1.44
2830.00,7080.00,146.00,1.21,0.00,-2.38,-0.27,0.00,1.53
2830.00,7080.00,148.00,1.82,0.00,-5.22,-0.41,0.00,1.76
2830.00,7080.00,149.00,3.79,0.00,-2.67,-0.09,0.00,1.25
2830.00,7080.00,150.00,2.49,0.00,-2.41,-0.11,0.00,-0.26
2840.00,7090.00,138.00,1.48,0.00,-8.28,-0.12,0.00,-0.04
2840.00,7090.00,139.00,1.31,0.00,-9.30,0.00,0.00,0.00
2840.00,7090.00,142.00,1.38,0.00,0.96,0.05,0.00,1.26
2840.00,7090.00,143.00,0.81,0.00,0.87,-0.02,0.00,1.26
2840.00,7090.00,144.00,-0.24,0.00,-6.91,-0.02,0.00,0.05
2840.00,7090.00,145.00,1.82,0.00,-3.19,0.20,0.00,-1.42
2840.00,7090.00,146.00,1.21,0.00,-1.77,0.06,0.00,1.49
2840.00,7090.00,148.00,1.62,0.00,-4.50,-0.55,0.00,1.78
2840.00,7090.00,149.00,3.72,0.00,-2.17,0.02,0.00,1.22
2840.00,7090.00,150.00,2.43,0.00,-2.48,-0.03,0.00,-0.19
2840.00,7100.00,138.00,1.39,0.00,-8.32,0.00,0.00,0.00
2840.00,7100.00,139.00,1.31,0.00,-9.30,0.00,0.00,0.00
2840.00,7100.00,142.00,1.41,0.00,1.49,0.04,0.00,1.49
2840.00,7100.00,143.00,0.79,0.00,1.41,0.08,0.00,1.44
2840.00,7100.00,144.00,-0.26,0.00,-6.86,0.00,0.00,0.00
2840.00,7100.00,145.00,2.01,0.00,-3.73,0.36,0.00,-1.43
2840.00,7100.00,146.00,1.26,0.00,-1.18,0.13,0.00,1.48
2840.00,7100.00,148.00,1.38,0.00,-3.80,-0.44,0.00,1.77
2840.00,7100.00,149.00,3.80,0.00,-1.70,0.01,0.00,1.36
2840.00,7100.00,150.00,2.46,0.00,-2.57,-0.08,0.00,-0.24
2840.00,7110.00,138.00,1.48,0.00,-8.28,-0.07,0.00,-0.02
2840.00,7110.00,139.00,1.31,0.00,-9.30,0.00,0.00,0.00
2840.00,7110.00,142.00,1.41,0.00,2.15,0.02,0.00,1.24
2840.00,7110.00,143.00,0.88,0.00,2.02,0.05,0.00,1.22
2840.00,7110.00,144.00,-0.24,0.00,-6.91,0.03,0.00,0.05
2840.00,7110.00,145.00,2.11,0.00,-4.33,0.35,0.00,-1.63
2840.00,7110.00,146.00,1.31,0.00,-0.59,0.18,0.00,1.50
2840.00,7110.00,148.00,1.27,0.00,-3.08,-0.31,0.00,1.91
2840.00,7110.00,149.00,3.73,0.00,-1.08,-0.25,0.00,1.52
2840.00,7110.00,150.00,2.36,0.00,-2.67,-0.45,0.00,-0.29
2850.00,7120.00,138.00,1.33,0.00,-8.33,0.00,0.00,0.00
2850.00,7120.00,139.00,1.31,0.00,-9.30,0.00,0.00,0.00
2850.00,7120.00,142.00,1.43,0.00,2.48,0.09,0.00,1.27
2850.00,7120.00,143.00,0.82,0.00,2.38,-0.08,0.00,1.11
2850.00,7120.00,144.00,-0.24,0.00,-6.83,0.00,0.00,0.00
2850.00,7120.00,145.00,2.29,0.00,-5.03,0.44,0.00,-1.56
2850.00,7120.00,146.00,1.40,0.00,0.02,0.23,0.00,1.61
2850.00,7120.00,148.00,1.12,0.00,-2.26,-0.18,0.00,1.78
2850.00,7120.00,149.00,3.60,0.00,-0.48,-0.26,0.00,1.38
2850.00,7120.00,150.00,2.10,0.00,-2.80,-0.57,0.00,-0.33
2850.00,7130.00,138.00,1.48,0.00,-8.28,0.19,0.00,0.06
2850.00,7130.00,139.00,1.31,0.00,-9.30,0.00,0.00,0.00
2850.00,7130.00,142.00,1.49,0.00,3.17,0.10,0.00,1.45
2850.00,7130.00,143.00,0.81,0.00,2.91,0.09,0.00,1.21
2850.00,7130.00,144.00,-0.24,0.00,-6.91,-0.01,0.00,-0.10
2850.00,7130.00,145.00,2.46,0.00,-5.58,0.31,0.00,-1.52
2850.00,7130.00,146.00,1.50,0.00,0.70,0.25,0.00,1.50
2850.00,7130.00,148.00,1.12,0.00,-1.66,0.14,0.00,1.63
2850.00,7130.00,149.00,3.52,0.00,0.02,-0.20,0.00,1.25
2850.00,7130.00,150.00,1.91,0.00,-2.94,-0.56,0.00,-0.43
2860.00,7140.00,138.00,1.48,0.00,-8.28,0.00,0.00,0.00
2860.00,7140.00,139.00,1.31,0.00,-9.30,0.00,0.00,0.00
2860.00,7140.00,142.00,1.51,0.00,3.64,0.07,0.00,1.18
2860.00,7140.00,143.00,0.90,0.00,3.35,0.21,0.00,1.11
2860.00,7140.00,144.00,-0.24,0.00,-6.91,0.00,0.00,0.00
2860.00,7140.00,145.00,2.53,0.00,-6.24,0.14,0.00,-1.62
2860.00,7140.00,146.00,1.60,0.00,1.22,0.24,0.00,1.38
2860.00,7140.00,148.00,1.24,0.00,-0.96,0.20,0.00,1.80
2860.00,7140.00,150.00,1.65,0.00,-3.15,-0.63,0.00,-0.45
2860.00,7150.00,138.00,1.48,0.00,-8.28,0.00,0.00,0.00
2860.00,7150.00,139.00,1.31,0.00,-9.30,0.00,0.00,0.00
2860.00,7150.00,144.00,-0.24,0.00,-6.91,0.00,0.00,0.00
2860.00,7150.00,145.00,2.57,0.00,-6.88,0.07,0.00,-1.62
2860.00,7150.00,146.00,1.69,0.00,1.80,0.22,0.00,1.45
2860.00,7150.00,148.00,1.28,0.00,-0.22,0.10,0.00,1.83
2860.00,7150.00,150.00,1.40,0.00,-3.30,-0.63,0.00,-0.38
2860.00,7160.00,138.00,1.48,0.00,-8.28,0.00,0.00,0.00
2860.00,7160.00,139.00,1.31,0.00,-9.30,0.00,0.00,0.00
2860.00,7160.00,144.00,-0.24,0.00,-6.91,0.00,0.00,0.00
2860.00,7160.00,145.00,2.59,0.00,-7.53,-0.02,0.00,-1.64
2860.00,7160.00,150.00,1.15,0.00,-3.45,-0.56,0.00,-0.41
2870.00,7170.00,138.00,1.48,0.00,-8.28,0.00,0.00,0.00
2870.00,7170.00,139.00,1.31,0.00,-9.30,0.00,0.00,0.00
2870.00,7170.00,144.00,-0.24,0.00,-6.91,0.00,0.00,0.00
2870.00,7170.00,145.00,2.56,0.00,-8.19,-0.04,0.00,-1.64
2870.00,7170.00,150.00,0.95,0.00,-3.63,-0.49,0.00,-0.40
2870.00,7180.00,138.00,1.48,0.00,-8.28,0.00,0.00,0.00
2870.00,7180.00,139.00,1.31,0.00,-9.30,0.00,0.00,0.00
2870.00,7180.00,144.00,-0.24,0.00,-6.91,0.00,0.00,0.00
2870.00,7180.00,145.00,2.56,0.00,-8.84,-0.04,0.00,-1.59
2870.00,7180.00,150.00,0.76,0.00,-3.77,-0.53,0.00,-0.25
2870.00,7180.00,152.00,-1.81,0.00,-4.14,0.00,0.00,0.00
2870.00,7180.00,153.00,-1.93,0.00,-9.61,0.25,0.00,0.82
2880.00,7190.00,138.00,1.48,0.00,-8.28,0.00,0.00,0.00
2880.00,7190.00,139.00,1.31,0.00,-9.30,0.00,0.00,0.00
2880.00,7190.00,144.00,-0.24,0.00,-6.91,0.00,0.00,0.00
2880.00,7190.00,145.00,2.52,0.00,-9.46,-0.08,0.00,-1.54
2880.00,7190.00,150.00,0.53,0.00,-3.83,-0.58,0.00,-0.12
2880.00,7190.00,152.00,-1.81,0.00,-4.14,0.00,0.00,0.00
2880.00,7190.00,153.00,-1.83,0.00,-9.28,0.15,0.00,0.77
2880.00,7200.00,138.00,1.48,0.00,-8.28,0.00,0.00,0.00
2880.00,7200.00,139.00,1.31,0.00,-9.30,0.00,0.00,0.00
2880.00,7200.00,144.00,-0.24,0.00,-6.91,0.00,0.00,0.00
2880.00,7200.00,150.00,0.30,0.00,-3.86,-0.56,0.00,-0.17
2880.00,7200.00,152.00,-1.81,0.00,-4.14,0.00,0.00,0.00
2880.00,7200.00,153.00,-1.82,0.00,-8.99,0.01,0.00,0.60
2880.00,7210.00,138.00,1.48,0.00,-8.28,0.00,0.00,0.00
2880.00,7210.00,139.00,1.31,0.00,-9.30,0.00,0.00,0.00
2880.00,7210.00,144.00,-0.24,0.00,-6.91,0.00,0.00,0.00
2880.00,7210.00,150.00,0.08,0.00,-3.96,-0.59,0.00,-0.29
2880.00,7210.00,152.00,-1.81,0.00,-4.14,0.00,0.00,0.00
2880.00,7210.00,153.00,-1.82,0.00,-8.81,-0.03,0.00,0.39
2890.00,7220.00,138.00,1.48,0.00,-8.28,0.00,0.00,0.00
2890.00,7220.00,139.00,1.31,0.00,-9.30,0.00,0.00,0.00
2890.00,7220.00,144.00,-0.24,0.00,-6.91,0.00,0.00,0.00
2890.00,7220.00,150.00,-0.18,0.00,-4.10,-0.69,0.00,-0.26
2890.00,7220.00,152.00,-1.81,0.00,-4.14,0.00,0.00,0.00
2890.00,7220.00,153.00,-1.84,0.00,-8.68,-0.01,0.00,0.24
2890.00,7230.00,138.00,1.48,0.00,-8.28,-0.02,0.00,0.00
2890.00,7230.00,139.00,1.31,0.00,-9.30,0.00,0.00,0.00
2890.00,7230.00,144.00,-0.24,0.00,-6.91,0.00,0.00,0.00
2890.00,7230.00,150.00,-0.47,0.00,-4.17,-0.67,0.00,-0.24
2890.00,7230.00,152.00,-1.81,0.00,-4.14,0.00,0.00,0.00
2890.00,7230.00,153.00,-1.83,0.00,-8.62,0.00,0.00,0.08
2900.00,7240.00,138.00,1.46,0.00,-8.28,-0.14,0.00,0.08
2900.00,7240.00,139.00,1.31,0.00,-9.30,0.00,0.00,0.00
2900.00,7240.00,144.00,-0.24,0.00,-6.91,0.00,0.00,0.00
2900.00,7240.00,150.00,-0.71,0.00,-4.29,-0.44,0.00,-0.44
2900.00,7240.00,152.00,-1.81,0.00,-4.14,0.00,0.00,0.00
2900.00,7240.00,153.00,-1.83,0.00,-8.62,0.00,0.00,0.00
2900.00,7250.00,138.00,1.37,0.00,-8.21,-0.20,0.00,0.16
2900.00,7250.00,139.00,1.31,0.00,-9.30,0.00,0.00,0.00
2900.00,7250.00,144.00,-0.24,0.00,-6.91,0.00,0.00,0.00
2900.00,7250.00,150.00,-0.82,0.00,-4.52,-0.50,0.00,-0.59
2900.00,7250.00,152.00,-1.81,0.00,-4.14,0.00,0.00,0.00
2900.00,7250.00,153.00,-1.83,0.00,-8.62,0.00,0.00,0.00
2900.00,7260.00,138.00,1.30,0.00,-8.15,-0.07,0.00,0.05
2900.00,7260.00,139.00,1.31,0.00,-9.30,0.00,0.00,0.00
2900.00,7260.00,144.00,-0.24,0.00,-6.91,0.00,0.00,0.00
2900.00,7260.00,150.00,-1.11,0.00,-4.76,-0.54,0.00,-0.49
2900.00,7260.00,152.00,-1.81,0.00,-4.14,0.00,0.00,0.00
2900.00,7260.00,154.00,-1.83,0.00,-8.62,0.00,0.00,0.05
2910.00,7270.00,138.00,1.32,0.00,-8.17,0.07,0.00,-0.05
2910.00,7270.00,139.00,1.31,0.00,-9.30,0.00,0.00,0.00
2910.00,7270.00,150.00,-1.26,0.00,-4.91,-0.22,0.00,-0.34
2910.00,7270.00,152.00,-1.81,0.00,-4.14,0.00,0.00,0.00
2910.00,7270.00,154.00,-1.83,0.00,-8.60,0.03,0.00,0.02
2910.00,7270.00,155.00,-0.41,0.00,-6.85,0.00,0.00,0.00
2910.00,7280.00,138.00,1.36,0.00,-8.19,0.02,0.00,-0.03
2910.00,7280.00,139.00,1.31,0.00,-9.30,0.00,0.00,0.00
2910.00,7280.00,150.00,-1.29,0.00,-5.03,-0.09,0.00,-0.25
2910.00,7280.00,152.00,-1.81,0.00,-4.14,0.00,0.00,0.00
2910.00,7280.00,154.00,-1.81,0.00,-8.60,0.05,0.00,-0.03
2910.00,7280.00,155.00,-0.41,0.00,-6.85,-0.29,0.00,0.07
2920.00,7290.00,138.00,1.34,0.00,-8.19,-0.05,0.00,0.00
2920.00,7290.00,139.00,1.31,0.00,-9.30,0.00,0.00,0.00
2920.00,7290.00,150.00,-1.33,0.00,-5.11,0.03,0.00,-0.34
2920.00,7290.00,152.00,-1.81,0.00,-4.14,0.00,0.00,0.00
2920.00,7290.00,154.00,-1.79,0.00,-8.62,0.05,0.00,-0.05
2920.00,7290.00,155.00,-0.64,0.00,-6.79,-0.29,0.00,0.07
2920.00,7300.00,138.00,1.32,0.00,-8.19,-0.05,0.00,0.00
2920.00,7300.00,139.00,1.31,0.00,-9.30,0.00,0.00,0.00
2920.00,7300.00,150.00,-1.26,0.00,-5.30,0.17,0.00,-0.48
2920.00,7300.00,152.00,-1.81,0.00,-4.14,0.00,0.00,0.00
2920.00,7300.00,154.00,-1.78,0.00,-8.64,0.05,0.00,-0.05
2920.00,7300.00,155.00,-0.64,0.00,-6.79,0.00,0.00,0.00
2920.00,7310.00,138.00,1.30,0.00,-8.19,-0.02,0.00,0.00
2920.00,7310.00,139.00,1.31,0.00,-9.30,0.00,0.00,0.00
2930.00,7320.00,138.00,1.30,0.00,-8.19,0.00,0.00,0.00
2930.00,7320.00,139.00,1.31,0.00,-9.30,0.00,0.00,0.00
2930.00,7330.00,138.00,1.30,0.00,-8.19,0.00,0.00,0.00
2930.00,7330.00,139.00,1.31,0.00,-9.30,0.00,0.00,0.00
2940.00,7340.00,138.00,1.30,0.00,-8.19,0.00,0.00,0.00
2940.00,7340.00,139.00,1.31,0.00,-9.30,0.00,0.00,0.00
2940.00,7350.00,138.00,1.30,0.00,-8.19,0.00,0.00,0.00
2940.00,7350.00,139.00,1.31,0.00,-9.30,0.00,0.00,0.00
2940.00,7360.00,138.00,1.30,0.00,-8.19,-0.02,0.00,0.00
2940.00,7360.00,139.00,1.31,0.00,-9.30,0.00,0.00,0.03
2950.00,7370.00,138.00,1.28,0.00,-8.19,-0.05,0.00,0.00
2950.00,7370.00,139.00,1.31,0.00,-9.28,0.00,0.00,0.05
2990.00,7480.00,156.00,1.42,0.00,-9.32,0.08,0.00,1.51
2990.00,7480.00,157.00,2.24,0.00,-9.25,-0.19,0.00,1.61
2990.00,7480.00,158.00,3.35,0.00,-9.26,0.23,0.00,1.71
2990.00,7480.00,159.00,2.08,0.00,-4.07,-0.01,0.00,1.54
3000.00,7490.00,156.00,1.46,0.00,-8.72,0.04,0.00,1.61
3000.00,7490.00,157.00,2.17,0.00,-8.60,-0.16,0.00,1.63
3000.00,7490.00,158.00,3.44,0.00,-8.58,0.16,0.00,1.79
3000.00,7490.00,159.00,2.08,0.00,-3.45,-0.08,0.00,1.50
3000.00,7500.00,156.00,1.46,0.00,-8.04,-0.16,0.00,1.70
3000.00,7500.00,157.00,2.11,0.00,-7.94,-0.16,0.00,1.66
3000.00,7500.00,158.00,3.48,0.00,-7.83,0.19,0.00,1.91
3000.00,7500.00,159.00,2.02,0.00,-2.87,-0.20,0.00,1.44
3000.00,7510.00,156.00,1.33,0.00,-7.37,-0.12,0.00,1.69
3000.00,7510.00,157.00,2.04,0.00,-7.28,-0.07,0.00,1.65
3000.00,7510.00,158.00,3.59,0.00,-7.05,0.08,0.00,1.86
3000.00,7510.00,159.00,1.92,0.00,-2.30,-0.13,0.00,1.43
3010.00,7520.00,156.00,1.36,0.00,-6.68,0.20,0.00,1.84
3010.00,7520.00,157.00,2.05,0.00,-6.62,0.09,0.00,1.69
3010.00,7520.00,158.00,3.54,0.00,-6.34,-0.18,0.00,1.71
3010.00,7520.00,159.00,1.92,0.00,-1.73,-0.10,0.00,1.45
3010.00,7520.00,160.00,2.28,0.00,-9.65,0.04,0.00,1.65
3010.00,7530.00,156.00,1.48,0.00,-5.89,0.10,0.00,1.82
3010.00,7530.00,157.00,2.11,0.00,-5.93,0.00,0.00,1.77
3010.00,7530.00,158.00,3.45,0.00,-5.69,-0.22,0.00,1.74
3010.00,7530.00,159.00,1.84,0.00,-1.14,-0.18,0.00,1.44
3010.00,7530.00,160.00,2.29,0.00,-8.99,0.04,0.00,1.57
3020.00,7540.00,156.00,1.45,0.00,-5.23,-0.05,0.00,1.71
3020.00,7540.00,157.00,2.06,0.00,-5.20,-0.04,0.00,1.77
3020.00,7540.00,158.00,3.36,0.00,-4.95,-0.20,0.00,1.79
3020.00,7540.00,159.00,1.78,0.00,-0.58,-0.11,0.00,1.43
3020.00,7540.00,160.00,2.31,0.00,-8.39,-0.02,0.00,1.70
3020.00,7550.00,156.00,1.45,0.00,-4.52,-0.09,0.00,1.79
3020.00,7550.00,157.00,2.08,0.00,-4.51,0.09,0.00,1.68
3020.00,7550.00,158.00,3.29,0.00,-4.26,-0.23,0.00,1.67
3020.00,7550.00,159.00,1.75,0.00,0.00,-0.15,0.00,1.49
3020.00,7550.00,160.00,2.27,0.00,-7.63,0.11,0.00,1.93
3020.00,7560.00,156.00,1.38,0.00,-3.80,-0.14,0.00,1.74
3020.00,7560.00,157.00,2.13,0.00,-3.86,0.14,0.00,1.67
3020.00,7560.00,158.00,3.18,0.00,-3.62,-0.09,0.00,1.65
3020.00,7560.00,159.00,1.66,0.00,0.62,-0.15,0.00,1.49
3020.00,7560.00,160.00,2.39,0.00,-6.84,0.15,0.00,1.83
3030.00,7570.00,156.00,1.34,0.00,-3.13,-0.18,0.00,1.72
3030.00,7570.00,157.00,2.19,0.00,-3.17,0.03,0.00,1.73
3030.00,7570.00,158.00,3.22,0.00,-2.93,-0.07,0.00,1.70
3030.00,7570.00,159.00,1.64,0.00,1.19,-0.15,0.00,1.44
3030.00,7570.00,160.00,2.39,0.00,-6.17,0.03,0.00,1.76
3030.00,7570.00,161.00,-0.10,0.00,2.32,0.05,0.00,-0.01
3030.00,7570.00,162.00,3.44,0.00,2.47,-0.11,0.00,-1.25
3030.00,7570.00,163.00,3.69,0.00,1.45,0.25,0.00,-1.21
3030.00,7580.00,156.00,1.23,0.00,-2.42,-0.18,0.00,1.72
3030.00,7580.00,157.00,2.15,0.00,-2.47,-0.25,0.00,1.79
3030.00,7580.00,158.00,3.13,0.00,-2.26,-0.16,0.00,1.61
3030.00,7580.00,159.00,1.54,0.00,1.77,-0.29,0.00,1.44
3030.00,7580.00,160.00,2.41,0.00,-5.44,-0.04,0.00,1.77
3030.00,7580.00,161.00,-0.08,0.00,2.32,0.05,0.00,0.02
3030.00,7580.00,162.00,3.39,0.00,1.97,0.18,0.00,-1.22
3030.00,7580.00,163.00,3.78,0.00,0.97,0.05,0.00,-1.17
3040.00,7590.00,156.00,1.19,0.00,-1.75,0.07,0.00,1.64
3040.00,7590.00,157.00,1.99,0.00,-1.74,-0.23,0.00,1.74
3040.00,7590.00,158.00,3.09,0.00,-1.64,-0.15,0.00,1.83
3040.00,7590.00,159.00,1.40,0.00,2.35,-0.25,0.00,1.46
3040.00,7590.00,160.00,2.36,0.00,-4.75,-0.09,0.00,1.77
3040.00,7590.00,161.00,-0.06,0.00,2.33,0.03,0.00,0.02
3040.00,7590.00,162.00,3.58,0.00,1.49,0.34,0.00,-1.10
3040.00,7590.00,163.00,3.72,0.00,0.51,-0.05,0.00,-1.30
3040.00,7600.00,156.00,1.28,0.00,-1.10,0.16,0.00,1.63
3040.00,7600.00,157.00,1.97,0.00,-1.08,-0.14,0.00,1.66
3040.00,7600.00,158.00,3.01,0.00,-0.79,-0.35,0.00,1.86
3040.00,7600.00,159.00,1.34,0.00,2.93,-0.27,0.00,1.51
3040.00,7600.00,160.00,2.34,0.00,-4.02,0.05,0.00,1.83
3040.00,7600.00,161.00,-0.06,0.00,2.33,0.00,0.00,0.00
3040.00,7600.00,162.00,3.67,0.00,1.09,0.12,0.00,-1.04
3040.00,7600.00,163.00,3.75,0.00,-0.07,0.11,0.00,-1.21
3040.00,7610.00,156.00,1.32,0.00,-0.45,0.04,0.00,1.59
3040.00,7610.00,157.00,1.88,0.00,-0.41,-0.12,0.00,1.58
3040.00,7610.00,158.00,2.81,0.00,-0.15,-0.25,0.00,1.58
3040.00,7610.00,159.00,1.19,0.00,3.56,-0.38,0.00,1.56
3040.00,7610.00,160.00,2.40,0.00,-3.29,-0.01,0.00,1.83
3040.00,7610.00,161.00,-0.06,0.00,2.33,0.00,0.00,0.00
3040.00,7610.00,162.00,3.68,0.00,0.66,0.36,0.00,-1.12
3040.00,7610.00,163.00,3.81,0.00,-0.45,-0.08,0.00,-1.03
3050.00,7620.00,156.00,1.32,0.00,0.17,0.02,0.00,1.54
3050.00,7620.00,157.00,1.88,0.00,0.19,0.02,0.00,1.53
3050.00,7620.00,158.00,2.81,0.00,0.48,0.02,0.00,1.54
3050.00,7620.00,160.00,2.33,0.00,-2.55,-0.06,0.00,1.84
3050.00,7620.00,161.00,-0.06,0.00,2.33,0.00,0.00,0.00
3050.00,7620.00,162.00,3.96,0.00,0.19,0.35,0.00,-1.34
3050.00,7620.00,163.00,3.68,0.00,-0.90,-0.15,0.00,-1.15
3050.00,7630.00,156.00,1.33,0.00,0.78,-0.12,0.00,1.56
3050.00,7630.00,157.00,1.89,0.00,0.82,-0.12,0.00,1.58
3050.00,7630.00,158.00,2.82,0.00,1.08,0.15,0.00,1.57
3050.00,7630.00,160.00,2.35,0.00,-1.82,0.02,0.00,1.70
3050.00,7630.00,161.00,-0.06,0.00,2.33,0.07,0.00,-0.01
3050.00,7630.00,162.00,3.96,0.00,-0.42,0.04,0.00,-1.27
3050.00,7630.00,163.00,3.70,0.00,-1.37,0.02,0.00,-1.22
3060.00,7640.00,156.00,1.22,0.00,1.42,-0.24,0.00,1.51
3060.00,7640.00,157.00,1.78,0.00,1.45,-0.07,0.00,1.60
3060.00,7640.00,158.00,2.93,0.00,1.73,0.35,0.00,1.53
3060.00,7640.00,160.00,2.35,0.00,-1.19,-0.03,0.00,1.56
3060.00,7640.00,161.00,0.00,0.00,2.32,0.07,0.00,-0.01
3060.00,7640.00,162.00,3.99,0.00,-0.83,0.08,0.00,-1.03
3060.00,7640.00,163.00,3.70,0.00,-1.88,0.02,0.00,-1.27
3060.00,7650.00,156.00,1.14,0.00,1.99,-0.17,0.00,1.52
3060.00,7650.00,157.00,1.83,0.00,2.09,-0.03,0.00,1.59
3060.00,7650.00,158.00,3.10,0.00,2.31,0.33,0.00,1.55
3060.00,7650.00,160.00,2.33,0.00,-0.57,0.02,0.00,1.58
3060.00,7650.00,161.00,0.00,0.00,2.32,0.00,0.00,0.00
3060.00,7660.00,156.00,1.08,0.00,2.64,-0.17,0.00,1.57
3060.00,7660.00,157.00,1.76,0.00,2.72,-0.19,0.00,1.54
3060.00,7660.00,158.00,3.19,0.00,2.98,0.23,0.00,1.67
3060.00,7660.00,160.00,2.37,0.00,0.07,0.02,0.00,1.63
3060.00,7660.00,161.00,0.00,0.00,2.32,0.00,0.00,0.00
3070.00,7670.00,156.00,1.00,0.00,3.25,-0.20,0.00,1.53
3070.00,7670.00,157.00,1.68,0.00,3.33,-0.19,0.00,1.52
3070.00,7670.00,160.00,2.35,0.00,0.73,-0.05,0.00,1.63
3070.00,7670.00,161.00,0.00,0.00,2.32,0.00,0.00,0.00
3220.00,8050.00,164.00,2.19,0.00,-7.93,0.07,0.00,1.34
3220.00,8050.00,165.00,2.79,0.00,-8.24,0.13,0.00,1.58
3220.00,8050.00,166.00,2.53,0.00,-5.05,0.21,0.00,1.37
3220.00,8050.00,167.00,1.12,0.00,0.96,0.00,0.00,-1.75
3220.00,8060.00,164.00,2.21,0.00,-7.39,0.05,0.00,1.39
3220.00,8060.00,165.00,2.84,0.00,-7.61,0.04,0.00,1.56
3220.00,8060.00,166.00,2.61,0.00,-4.50,0.17,0.00,1.49
3220.00,8060.00,167.00,1.12,0.00,0.26,-0.07,0.00,-1.74
3230.00,8070.00,164.00,2.23,0.00,-6.81,0.01,0.00,1.52
3230.00,8070.00,165.00,2.82,0.00,-7.00,-0.05,0.00,1.54
3230.00,8070.00,166.00,2.66,0.00,-3.86,0.23,0.00,1.63
3230.00,8070.00,167.00,1.06,0.00,-0.43,-0.05,0.00,-1.67
3230.00,8080.00,164.00,2.23,0.00,-6.17,0.11,0.00,1.56
3230.00,8080.00,165.00,2.80,0.00,-6.38,-0.05,0.00,1.51
3230.00,8080.00,166.00,2.79,0.00,-3.20,0.17,0.00,1.49
3230.00,8080.00,167.00,1.08,0.00,-1.08,0.09,0.00,-1.66
3240.00,8090.00,164.00,2.31,0.00,-5.57,-0.01,0.00,1.49
3240.00,8090.00,165.00,2.78,0.00,-5.78,-0.03,0.00,1.49
3240.00,8090.00,166.00,2.80,0.00,-2.67,0.03,0.00,1.40
3240.00,8090.00,167.00,1.13,0.00,-1.76,0.04,0.00,-1.76
3240.00,8090.00,168.00,0.90,0.00,1.83,0.15,0.00,-0.77
3240.00,8090.00,169.00,-0.03,0.00,1.18,0.00,0.00,0.00
3240.00,8090.00,170.00,-0.55,0.00,-0.49,0.00,0.00,0.00
3240.00,8100.00,164.00,2.22,0.00,-4.98,-0.15,0.00,1.53
3240.00,8100.00,165.00,2.77,0.00,-5.19,0.04,0.00,1.50
3240.00,8100.00,166.00,2.81,0.00,-2.08,0.24,0.00,1.47
3240.00,8100.00,167.00,1.11,0.00,-2.48,0.04,0.00,-1.73
3240.00,8100.00,168.00,0.96,0.00,1.52,0.09,0.00,-0.94
3240.00,8100.00,169.00,-0.03,0.00,1.18,0.00,0.00,0.00
3240.00,8100.00,170.00,-0.55,0.00,-0.49,0.00,0.00,0.00
3240.00,8110.00,164.00,2.20,0.00,-4.34,-0.02,0.00,1.67
3240.00,8110.00,165.00,2.80,0.00,-4.58,0.04,0.00,1.53
3240.00,8110.00,166.00,2.99,0.00,-1.49,0.28,0.00,1.46
3240.00,8110.00,167.00,1.17,0.00,-3.15,0.07,0.00,-1.69
3240.00,8110.00,168.00,0.97,0.00,1.08,-0.09,0.00,-1.11
3240.00,8110.00,169.00,-0.03,0.00,1.18,0.00,0.00,0.00
3240.00,8110.00,170.00,-0.55,0.00,-0.49,-0.02,0.00,0.10
3250.00,8120.00,164.00,2.20,0.00,-3.65,-0.09,0.00,1.67
3250.00,8120.00,165.00,2.80,0.00,-3.97,0.02,0.00,1.60
3250.00,8120.00,166.00,3.04,0.00,-0.91,0.10,0.00,1.46
3250.00,8120.00,167.00,1.17,0.00,-3.83,-0.03,0.00,-1.75
3250.00,8120.00,168.00,0.89,0.00,0.63,-0.02,0.00,-1.12
3250.00,8120.00,169.00,-0.03,0.00,1.18,0.00,0.00,0.00
3250.00,8120.00,170.00,-0.57,0.00,-0.41,-0.02,0.00,0.10
3250.00,8130.00,164.00,2.12,0.00,-3.00,-0.10,0.00,1.53
3250.00,8130.00,165.00,2.82,0.00,-3.30,0.14,0.00,1.66
3250.00,8130.00,166.00,3.07,0.00,-0.33,0.06,0.00,1.53
3250.00,8130.00,167.00,1.15,0.00,-4.55,0.06,0.00,-1.81
3250.00,8130.00,168.00,0.96,0.00,0.18,0.06,0.00,-1.06
3250.00,8130.00,169.00,-0.03,0.00,1.18,0.00,0.00,0.00
3250.00,8130.00,170.00,-0.57,0.00,-0.41,0.00,0.00,0.00
3260.00,8140.00,164.00,2.12,0.00,-2.43,0.08,0.00,1.48
3260.00,8140.00,165.00,2.91,0.00,-2.64,0.09,0.00,1.64
3260.00,8140.00,166.00,3.09,0.00,0.32,-0.07,0.00,1.63
3260.00,8140.00,167.00,1.22,0.00,-5.29,0.18,0.00,-1.83
3260.00,8140.00,168.00,0.94,0.00,-0.22,-0.06,0.00,-0.99
3260.00,8140.00,169.00,-0.03,0.00,1.18,0.00,0.00,0.00
3260.00,8140.00,170.00,-0.57,0.00,-0.41,0.00,0.00,0.00
3260.00,8150.00,164.00,2.19,0.00,-1.82,0.18,0.00,1.51
3260.00,8150.00,165.00,2.89,0.00,-1.99,-0.05,0.00,1.63
3260.00,8150.00,166.00,3.01,0.00,0.98,-0.18,0.00,1.64
3260.00,8150.00,169.00,-0.03,0.00,1.18,0.00,0.00,0.00
3260.00,8150.00,170.00,-0.57,0.00,-0.41,0.00,0.00,0.00
3700.00,9260.00,174.00,0.95,0.00,1.66,0.03,0.00,-1.15
3700.00,9260.00,175.00,1.64,0.00,1.95,-0.02,0.00,-1.24
3710.00,9270.00,174.00,0.96,0.00,1.20,0.00,0.00,-1.20
3710.00,9270.00,175.00,1.63,0.00,1.45,-0.02,0.00,-1.24
3710.00,9280.00,174.00,0.95,0.00,0.70,0.05,0.00,-1.26
3710.00,9280.00,175.00,1.62,0.00,0.96,-0.02,0.00,-1.26
3710.00,9280.00,176.00,-0.41,0.00,-4.07,-0.04,0.00,0.97
3710.00,9280.00,177.00,-1.32,0.00,-1.22,0.00,0.00,0.00
3720.00,9290.00,174.00,1.00,0.00,0.20,0.05,0.00,-1.26
3720.00,9290.00,175.00,1.61,0.00,0.44,0.02,0.00,-1.27
3720.00,9290.00,176.00,-0.43,0.00,-3.68,-0.02,0.00,0.97
3720.00,9290.00,177.00,-1.32,0.00,-1.22,0.00,0.00,0.05
3720.00,9300.00,174.00,0.99,0.00,-0.30,-0.05,0.00,-1.25
3720.00,9300.00,175.00,1.64,0.00,-0.06,-0.02,0.00,-1.24
3720.00,9300.00,176.00,-0.42,0.00,-3.30,-0.07,0.00,0.82
3720.00,9300.00,177.00,-1.31,0.00,-1.18,0.03,0.00,0.05
3720.00,9310.00,174.00,0.96,0.00,-0.80,0.07,0.00,-1.29
3720.00,9310.00,175.00,1.59,0.00,-0.55,-0.07,0.00,-1.26
3720.00,9310.00,176.00,-0.48,0.00,-3.02,-0.16,0.00,0.68
3720.00,9310.00,177.00,-1.30,0.00,-1.19,0.05,0.00,-0.01
3730.00,9320.00,174.00,1.05,0.00,-1.33,0.07,0.00,-1.31
3730.00,9320.00,175.00,1.58,0.00,-1.07,0.07,0.00,-1.28
3730.00,9320.00,177.00,-1.28,0.00,-1.19,0.05,0.00,-0.03
3730.00,9320.00,178.00,-0.65,0.00,-2.94,-0.48,0.00,0.06
3730.00,9330.00,174.00,1.02,0.00,-1.85,-0.05,0.00,-1.27
3730.00,9330.00,175.00,1.65,0.00,-1.57,0.09,0.00,-1.28
3730.00,9330.00,177.00,-1.26,0.00,-1.21,0.05,0.00,-0.06
3730.00,9330.00,178.00,-0.85,0.00,-2.92,-0.48,0.00,0.06
3740.00,9340.00,174.00,1.01,0.00,-2.35,0.02,0.00,-1.31
3740.00,9340.00,175.00,1.66,0.00,-2.09,0.16,0.00,-1.29
3740.00,9350.00,174.00,1.03,0.00,-2.90,-0.08,0.00,-1.35
3740.00,9350.00,175.00,1.78,0.00,-2.60,0.23,0.00,-1.35
3740.00,9360.00,174.00,0.95,0.00,-3.43,-0.08,0.00,-1.35
3740.00,9360.00,175.00,1.84,0.00,-3.17,0.06,0.00,-1.38
3750.00,9370.00,174.00,0.97,0.00,-3.97,0.06,0.00,-1.39
3750.00,9370.00,175.00,1.83,0.00,-3.71,0.09,0.00,-1.38
3750.00,9370.00,179.00,0.53,0.00,-7.39,-0.17,0.00,0.42
3750.00,9370.00,180.00,-1.09,0.00,-6.72,0.00,0.00,0.00
3750.00,9380.00,174.00,1.00,0.00,-4.54,-0.03,0.00,-1.38
3750.00,9380.00,175.00,1.91,0.00,-4.27,-0.05,0.00,-1.39
3750.00,9380.00,179.00,0.47,0.00,-7.22,-0.19,0.00,0.45
3750.00,9380.00,180.00,-1.09,0.00,-6.72,0.00,0.00,0.00
3760.00,9390.00,174.00,0.95,0.00,-5.08,-0.01,0.00,-1.36
3760.00,9390.00,175.00,1.78,0.00,-4.82,-0.19,0.00,-1.33
3760.00,9390.00,179.00,0.38,0.00,-7.03,-0.14,0.00,0.42
3760.00,9390.00,180.00,-1.09,0.00,-6.72,0.00,0.00,0.00
3760.00,9400.00,174.00,0.99,0.00,-5.63,0.14,0.00,-1.30
3760.00,9400.00,175.00,1.76,0.00,-5.33,-0.23,0.00,-1.28
3760.00,9400.00,179.00,0.35,0.00,-6.89,-0.05,0.00,0.46
3760.00,9400.00,180.00,-1.09,0.00,-6.72,0.00,0.00,0.00
3760.00,9400.00,181.00,1.17,0.00,-9.82,0.09,0.00,1.66
3760.00,9400.00,182.00,1.89,0.00,-9.59,0.08,0.00,1.50
3760.00,9410.00,174.00,1.06,0.00,-6.12,0.00,0.00,-1.21
3760.00,9410.00,175.00,1.60,0.00,-5.84,-0.23,0.00,-1.16
3760.00,9410.00,179.00,0.35,0.00,-6.67,-0.07,0.00,0.46
3760.00,9410.00,180.00,-1.09,0.00,-6.72,0.00,0.00,0.00
3760.00,9410.00,181.00,1.21,0.00,-9.15,0.30,0.00,1.52
3760.00,9410.00,182.00,1.92,0.00,-8.99,0.12,0.00,1.42
3760.00,9410.00,183.00,-0.95,0.00,-4.74,1.12,0.00,0.76
3760.00,9410.00,184.00,-1.06,0.00,-2.53,0.00,0.00,0.00
3760.00,9410.00,185.00,-0.88,0.00,-1.08,0.05,0.00,0.09
3760.00,9410.00,186.00,-0.09,0.00,-0.82,0.60,0.00,-1.29
3770.00,9420.00,174.00,1.00,0.00,-6.60,-0.10,0.00,-1.28
3770.00,9420.00,175.00,1.57,0.00,-6.26,-0.20,0.00,-1.14
3770.00,9420.00,179.00,0.30,0.00,-6.52,-0.24,0.00,0.38
3770.00,9420.00,180.00,-1.09,0.00,-6.72,0.00,0.00,0.00
3770.00,9420.00,181.00,1.41,0.00,-8.60,0.49,0.00,1.33
3770.00,9420.00,182.00,1.99,0.00,-8.45,0.30,0.00,1.33
3770.00,9420.00,183.00,-0.51,0.00,-4.43,1.41,0.00,0.93
3770.00,9420.00,184.00,-1.06,0.00,-2.53,0.00,0.00,0.00
3770.00,9420.00,185.00,-0.86,0.00,-1.04,0.03,0.00,0.10
3770.00,9420.00,186.00,0.15,0.00,-1.34,0.62,0.00,-1.22
3770.00,9420.00,187.00,1.71,0.00,2.61,0.10,0.00,-1.55
3770.00,9420.00,188.00,3.91,0.00,-5.42,0.04,0.00,0.73
3770.00,9430.00,174.00,0.98,0.00,-7.14,-0.07,0.00,-1.28
3770.00,9430.00,175.00,1.44,0.00,-6.75,-0.32,0.00,-1.18
3770.00,9430.00,179.00,0.15,0.00,-6.37,-0.36,0.00,0.39
3770.00,9430.00,180.00,-1.09,0.00,-6.72,0.00,0.00,0.00
3770.00,9430.00,181.00,1.60,0.00,-8.09,0.16,0.00,1.22
3770.00,9430.00,182.00,2.17,0.00,-7.92,0.22,0.00,1.56
3770.00,9430.00,183.00,0.17,0.00,-3.99,1.50,0.00,0.73
3770.00,9430.00,184.00,-1.06,0.00,-2.53,0.00,0.00,0.00
3770.00,9430.00,185.00,-0.85,0.00,-1.00,0.00,0.00,0.05
3770.00,9430.00,186.00,0.41,0.00,-1.79,0.50,0.00,-1.22
3770.00,9430.00,187.00,1.75,0.00,1.99,0.13,0.00,-1.48
3770.00,9430.00,188.00,3.92,0.00,-5.12,0.10,0.00,0.70
3780.00,9440.00,174.00,0.94,0.00,-7.62,-0.21,0.00,-1.25
3780.00,9440.00,175.00,1.32,0.00,-7.20,-0.15,0.00,-1.07
3780.00,9440.00,179.00,0.01,0.00,-6.21,-0.12,0.00,0.42
3780.00,9440.00,180.00,-1.09,0.00,-6.72,0.00,0.00,0.00
3780.00,9440.00,181.00,1.54,0.00,-7.62,-0.02,0.00,1.31
3780.00,9440.00,182.00,2.17,0.00,-7.21,0.06,0.00,1.52
3780.00,9440.00,183.00,0.70,0.00,-3.84,1.32,0.00,0.34
3780.00,9440.00,184.00,-1.06,0.00,-2.53,0.00,0.00,0.00
3780.00,9440.00,185.00,-0.85,0.00,-1.00,-0.03,0.00,-0.05
3780.00,9440.00,186.00,0.56,0.00,-2.32,0.18,0.00,-1.36
3780.00,9440.00,187.00,1.82,0.00,1.42,0.18,0.00,-1.42
3780.00,9440.00,188.00,3.99,0.00,-4.86,0.13,0.00,0.77
3780.00,9450.00,174.00,0.81,0.00,-8.14,-0.17,0.00,-1.30
3780.00,9450.00,175.00,1.31,0.00,-7.61,-0.04,0.00,-1.13
3780.00,9450.00,179.00,0.06,0.00,-6.03,0.12,0.00,0.45
3780.00,9450.00,180.00,-1.09,0.00,-6.72,0.00,0.00,0.00
3780.00,9450.00,181.00,1.59,0.00,-7.04,0.26,0.00,1.41
3780.00,9450.00,182.00,2.22,0.00,-6.71,0.15,0.00,1.41
3780.00,9450.00,183.00,1.23,0.00,-3.72,1.36,0.00,0.38
3780.00,9450.00,184.00,-1.06,0.00,-2.53,0.00,0.00,0.00
3780.00,9450.00,185.00,-0.87,0.00,-1.04,-0.08,0.00,-0.09
3780.00,9450.00,186.00,0.56,0.00,-2.88,0.11,0.00,-1.40
3780.00,9450.00,187.00,1.89,0.00,0.86,0.10,0.00,-1.45
3780.00,9450.00,188.00,4.03,0.00,-4.51,0.09,0.00,0.87
3780.00,9460.00,174.00,0.80,0.00,-8.66,-0.03,0.00,-1.32
3780.00,9460.00,175.00,1.29,0.00,-8.11,-0.07,0.00,-1.25
3780.00,9460.00,180.00,-1.09,0.00,-6.72,0.00,0.00,0.00
3780.00,9460.00,181.00,1.75,0.00,-6.49,0.27,0.00,1.48
3780.00,9460.00,182.00,2.29,0.00,-6.08,0.23,0.00,1.67
3780.00,9460.00,183.00,1.78,0.00,-3.54,1.38,0.00,0.27
3780.00,9460.00,184.00,-1.06,0.00,-2.53,0.00,0.00,0.00
3780.00,9460.00,185.00,-0.92,0.00,-1.07,-0.08,0.00,-0.07
3780.00,9460.00,186.00,0.64,0.00,-3.44,0.09,0.00,-1.42
3780.00,9460.00,187.00,1.90,0.00,0.26,0.03,0.00,-1.52
3780.00,9460.00,189.00,0.24,0.00,-5.95,-0.42,0.00,0.14
3780.00,9460.00,190.00,-1.06,0.00,-0.46,1.01,0.00,-0.34
3780.00,9460.00,192.00,2.08,0.00,3.79,0.06,0.00,-1.44
3790.00,9470.00,180.00,-1.09,0.00,-6.72,0.00,0.00,0.00
3790.00,9470.00,181.00,1.80,0.00,-5.86,0.18,0.00,1.63
3790.00,9470.00,182.00,2.40,0.00,-5.37,0.22,0.00,1.59
3790.00,9470.00,183.00,2.34,0.00,-3.50,1.36,0.00,0.10
3790.00,9470.00,184.00,-1.06,0.00,-2.53,0.00,0.00,0.00
3790.00,9470.00,185.00,-0.94,0.00,-1.09,-0.02,0.00,0.00
3790.00,9470.00,186.00,0.63,0.00,-4.02,0.17,0.00,-1.56
3790.00,9470.00,187.00,1.92,0.00,-0.36,-0.07,0.00,-1.68
3790.00,9470.00,189.00,0.07,0.00,-5.89,-0.30,0.00,0.20
3790.00,9470.00,190.00,-0.65,0.00,-0.60,0.96,0.00,-0.59
3790.00,9470.00,192.00,2.10,0.00,3.21,0.15,0.00,-1.53
3790.00,9480.00,180.00,-1.09,0.00,-6.72,0.00,0.00,0.00
3790.00,9480.00,181.00,1.89,0.00,-5.19,0.25,0.00,1.57
3790.00,9480.00,182.00,2.47,0.00,-4.81,0.15,0.00,1.45
3790.00,9480.00,183.00,2.87,0.00,-3.46,1.36,0.00,0.07
3790.00,9480.00,184.00,-1.06,0.00,-2.53,0.00,0.00,0.00
3790.00,9480.00,185.00,-0.94,0.00,-1.07,0.03,0.00,0.05
3790.00,9480.00,186.00,0.78,0.00,-4.68,0.24,0.00,-1.56
3790.00,9480.00,187.00,1.84,0.00,-1.08,-0.30,0.00,-1.62
3790.00,9480.00,189.00,-0.01,0.00,-5.78,0.04,0.00,0.25
3790.00,9480.00,190.00,-0.29,0.00,-0.93,0.67,0.00,-0.98
3790.00,9480.00,192.00,2.19,0.00,2.57,0.05,0.00,-1.61
3790.00,9480.00,193.00,0.46,0.00,3.63,0.28,0.00,-1.70
3800.00,9490.00,180.00,-1.09,0.00,-6.72,0.00,0.00,0.00
3800.00,9490.00,181.00,2.00,0.00,-4.60,0.22,0.00,1.40
3800.00,9490.00,182.00,2.52,0.00,-4.22,0.11,0.00,1.52
3800.00,9490.00,183.00,3.42,0.00,-3.45,1.29,0.00,-0.12
3800.00,9490.00,184.00,-1.06,0.00,-2.53,-0.17,0.00,0.02
3800.00,9490.00,185.00,-0.91,0.00,-1.05,0.08,0.00,0.04
3800.00,9490.00,186.00,0.82,0.00,-5.27,0.03,0.00,-1.57
3800.00,9490.00,187.00,1.68,0.00,-1.66,-0.29,0.00,-1.53
3800.00,9490.00,189.00,0.10,0.00,-5.69,0.01,0.00,0.13
3800.00,9490.00,190.00,-0.12,0.00,-1.38,0.27,0.00,-1.23
3800.00,9490.00,192.00,2.14,0.00,1.92,-0.12,0.00,-1.68
3800.00,9490.00,193.00,0.57,0.00,2.95,0.14,0.00,-1.80
3800.00,9500.00,180.00,-1.09,0.00,-6.72,0.00,0.00,0.00
3800.00,9500.00,181.00,2.07,0.00,-4.07,0.15,0.00,1.53
3800.00,9500.00,182.00,2.55,0.00,-3.59,0.20,0.00,1.56
3800.00,9500.00,183.00,3.90,0.00,-3.56,1.19,0.00,-0.28
3800.00,9500.00,184.00,-1.20,0.00,-2.51,-0.34,0.00,0.04
3800.00,9500.00,185.00,-0.87,0.00,-1.04,0.07,0.00,0.02
3800.00,9500.00,186.00,0.81,0.00,-5.93,-0.05,0.00,-1.66
3800.00,9500.00,187.00,1.61,0.00,-2.30,-0.23,0.00,-1.62
3800.00,9500.00,189.00,0.00,0.00,-5.68,-0.17,0.00,-0.09
3800.00,9500.00,190.00,-0.07,0.00,-1.91,0.47,0.00,-1.43
3800.00,9500.00,192.00,2.10,0.00,1.22,-0.14,0.00,-1.78
3800.00,9500.00,193.00,0.57,0.00,2.19,0.08,0.00,-1.89
3800.00,9500.00,194.00,1.73,0.00,-8.88,0.13,0.00,1.60
3800.00,9500.00,195.00,2.25,0.00,-9.07,0.18,0.00,1.54
3800.00,9500.00,196.00,2.06,0.00,3.85,-0.17,0.00,-1.35
3800.00,9510.00,180.00,-1.09,0.00,-6.72,0.00,0.00,0.00
3800.00,9510.00,181.00,2.12,0.00,-3.38,0.09,0.00,1.73
3800.00,9510.00,182.00,2.67,0.00,-2.97,0.20,0.00,1.53
3800.00,9510.00,185.00,-0.86,0.00,-1.04,0.05,0.00,-0.01
3800.00,9510.00,187.00,1.50,0.00,-2.95,-0.18,0.00,-1.63
3800.00,9510.00,189.00,-0.04,0.00,-5.76,-0.03,0.00,-0.07
3800.00,9510.00,190.00,0.26,0.00,-2.52,0.81,0.00,-1.31
3800.00,9510.00,192.00,2.02,0.00,0.50,-0.27,0.00,-1.59
3800.00,9510.00,193.00,0.64,0.00,1.43,0.08,0.00,-1.89
3800.00,9510.00,194.00,1.78,0.00,-8.24,0.10,0.00,1.40
3800.00,9510.00,195.00,2.32,0.00,-8.45,0.13,0.00,1.46
3800.00,9510.00,196.00,1.99,0.00,3.31,-0.01,0.00,-1.43
3800.00,9510.00,197.00,0.79,0.00,-6.56,-0.19,0.00,-1.71
3800.00,9510.00,198.00,-1.33,0.00,-2.42,-0.43,0.00,0.26
3800.00,9510.00,199.00,-1.41,0.00,-3.52,0.29,0.00,-0.13
3810.00,9520.00,180.00,-1.09,0.00,-6.72,0.00,0.00,0.00
3810.00,9520.00,181.00,2.14,0.00,-2.69,0.00,0.00,1.59
3810.00,9520.00,182.00,2.71,0.00,-2.36,0.04,0.00,1.60
3810.00,9520.00,185.00,-0.84,0.00,-1.04,0.00,0.00,0.08
3810.00,9520.00,187.00,1.46,0.00,-3.61,-0.07,0.00,-1.67
3810.00,9520.00,189.00,-0.02,0.00,-5.74,0.03,0.00,0.02
3810.00,9520.00,190.00,0.58,0.00,-2.96,0.40,0.00,-1.28
3810.00,9520.00,192.00,1.88,0.00,-0.05,-0.33,0.00,-1.41
3810.00,9520.00,193.00,0.63,0.00,0.67,-0.01,0.00,-1.88
3810.00,9520.00,194.00,1.81,0.00,-7.76,0.14,0.00,1.29
3810.00,9520.00,195.00,2.35,0.00,-7.90,0.14,0.00,1.36
3810.00,9520.00,196.00,2.05,0.00,2.71,-0.04,0.00,-1.62
3810.00,9520.00,197.00,0.71,0.00,-7.24,-0.15,0.00,-1.74
3810.00,9520.00,198.00,-1.50,0.00,-2.31,-0.28,0.00,0.37
3810.00,9520.00,199.00,-1.30,0.00,-3.57,0.39,0.00,-0.02
3810.00,9530.00,180.00,-1.09,0.00,-6.72,-0.03,0.00,-0.10
3810.00,9530.00,181.00,2.12,0.00,-2.11,0.11,0.00,1.55
3810.00,9530.00,182.00,2.71,0.00,-1.69,0.13,0.00,1.63
3810.00,9530.00,185.00,-0.85,0.00,-0.98,-0.05,0.00,0.06
3810.00,9530.00,187.00,1.44,0.00,-4.28,-0.10,0.00,-1.72
3810.00,9530.00,189.00,-0.02,0.00,-5.74,0.00,0.00,0.00
3810.00,9530.00,190.00,0.58,0.00,-3.55,0.19,0.00,-1.31
3810.00,9530.00,192.00,1.76,0.00,-0.63,-0.32,0.00,-1.52
3810.00,9530.00,193.00,0.63,0.00,-0.07,-0.06,0.00,-1.85
3810.00,9530.00,194.00,1.89,0.00,-7.21,0.20,0.00,1.46
3810.00,9530.00,195.00,2.44,0.00,-7.36,0.17,0.00,1.36
3810.00,9530.00,196.00,1.96,0.00,2.01,-0.20,0.00,-1.60
3810.00,9530.00,197.00,0.67,0.00,-7.95,-0.14,0.00,-1.59
3810.00,9530.00,198.00,-1.55,0.00,-2.12,-0.27,0.00,0.39
3810.00,9530.00,199.00,-1.10,0.00,-3.53,0.32,0.00,0.02
3820.00,9540.00,180.00,-1.11,0.00,-6.80,0.00,0.00,0.00
3820.00,9540.00,181.00,2.23,0.00,-1.45,0.12,0.00,1.69
3820.00,9540.00,182.00,2.81,0.00,-1.06,0.13,0.00,1.56
3820.00,9540.00,185.00,-0.87,0.00,-1.00,-0.08,0.00,-0.07
3820.00,9540.00,187.00,1.38,0.00,-4.98,-0.12,0.00,-1.72
3820.00,9540.00,189.00,-0.02,0.00,-5.74,0.00,0.00,0.00
3820.00,9540.00,190.00,0.73,0.00,-4.01,0.33,0.00,-1.24
3820.00,9540.00,192.00,1.63,0.00,-1.27,-0.19,0.00,-1.72
3820.00,9540.00,193.00,0.58,0.00,-0.81,-0.16,0.00,-1.89
3820.00,9540.00,194.00,1.96,0.00,-6.59,0.11,0.00,1.51
3820.00,9540.00,195.00,2.48,0.00,-6.81,0.04,0.00,1.54
3820.00,9540.00,196.00,1.89,0.00,1.43,-0.20,0.00,-1.50
3820.00,9540.00,197.00,0.60,0.00,-8.51,-0.25,0.00,-1.51
3820.00,9540.00,198.00,-1.72,0.00,-2.00,-0.43,0.00,0.31
3820.00,9540.00,199.00,-1.04,0.00,-3.56,0.16,0.00,-0.17
3820.00,9550.00,180.00,-1.09,0.00,-6.72,0.03,0.00,0.10
3820.00,9550.00,181.00,2.21,0.00,-0.76,-0.09,0.00,1.67
3820.00,9550.00,182.00,2.81,0.00,-0.45,-0.08,0.00,1.51
3820.00,9550.00,185.00,-0.91,0.00,-1.03,-0.05,0.00,0.03
3820.00,9550.00,187.00,1.35,0.00,-5.66,-0.12,0.00,-1.70
3820.00,9550.00,189.00,-0.02,0.00,-5.74,0.00,0.00,0.00
3820.00,9550.00,190.00,0.85,0.00,-4.55,0.18,0.00,-1.38
3820.00,9550.00,192.00,1.61,0.00,-2.00,-0.14,0.00,-1.65
3820.00,9550.00,193.00,0.50,0.00,-1.58,-0.13,0.00,-1.95
3820.00,9550.00,194.00,1.98,0.00,-5.99,0.11,0.00,1.51
3820.00,9550.00,195.00,2.47,0.00,-6.13,0.06,0.00,1.58
3820.00,9550.00,196.00,1.80,0.00,0.81,-0.31,0.00,-1.46
3820.00,9550.00,197.00,0.47,0.00,-9.15,-0.33,0.00,-1.61
3820.00,9550.00,199.00,-0.97,0.00,-3.67,0.41,0.00,-0.15
3820.00,9550.00,200.00,2.01,0.00,-9.76,-0.06,0.00,1.36
3820.00,9550.00,201.00,2.77,0.00,-9.89,-0.10,0.00,1.45
3820.00,9560.00,180.00,-1.09,0.00,-6.72,0.00,0.00,0.00
3820.00,9560.00,181.00,2.15,0.00,-0.11,0.09,0.00,1.62
3820.00,9560.00,182.00,2.75,0.00,0.15,0.04,0.00,1.66
3820.00,9560.00,185.00,-0.91,0.00,-0.97,0.00,0.00,0.05
3820.00,9560.00,187.00,1.29,0.00,-6.34,-0.16,0.00,-1.65
3820.00,9560.00,189.00,-0.02,0.00,-5.74,0.00,0.00,0.00
3820.00,9560.00,190.00,0.87,0.00,-5.11,0.26,0.00,-1.23
3820.00,9560.00,192.00,1.52,0.00,-2.59,-0.18,0.00,-1.53
3820.00,9560.00,193.00,0.48,0.00,-2.37,-0.02,0.00,-1.99
3820.00,9560.00,194.00,2.05,0.00,-5.38,0.11,0.00,1.51
3820.00,9560.00,195.00,2.53,0.00,-5.55,0.13,0.00,1.48
3820.00,9560.00,196.00,1.64,0.00,0.26,-0.29,0.00,-1.47
3820.00,9560.00,199.00,-0.72,0.00,-3.67,0.46,0.00,-0.07
3820.00,9560.00,200.00,1.99,0.00,-9.21,0.07,0.00,1.37
3820.00,9560.00,201.00,2.73,0.00,-9.31,0.01,0.00,1.39
3830.00,9570.00,180.00,-1.09,0.00,-6.72,0.00,0.00,0.00
3830.00,9570.00,181.00,2.28,0.00,0.54,-0.02,0.00,1.63
3830.00,9570.00,182.00,2.85,0.00,0.88,0.07,0.00,1.73
3830.00,9570.00,185.00,-0.91,0.00,-0.99,0.02,0.00,-0.08
3830.00,9570.00,187.00,1.22,0.00,-6.98,-0.05,0.00,-1.78
3830.00,9570.00,189.00,-0.02,0.00,-5.74,-0.10,0.00,-0.07
3830.00,9570.00,190.00,1.05,0.00,-5.53,-0.02,0.00,-1.18
3830.00,9570.00,192.00,1.46,0.00,-3.23,-0.09,0.00,-1.66
3830.00,9570.00,193.00,0.49,0.00,-3.18,0.10,0.00,-2.06
3830.00,9570.00,194.00,2.06,0.00,-4.79,0.06,0.00,1.54
3830.00,9570.00,195.00,2.57,0.00,-4.95,0.06,0.00,1.48
3830.00,9570.00,196.00,1.57,0.00,-0.37,-0.27,0.00,-1.55
3830.00,9570.00,199.00,-0.60,0.00,-3.73,0.30,0.00,-0.29
3830.00,9570.00,200.00,2.07,0.00,-8.66,0.19,0.00,1.34
3830.00,9570.00,201.00,2.78,0.00,-8.78,0.14,0.00,1.33
3830.00,9580.00,180.00,-1.09,0.00,-6.72,0.00,0.00,0.00
3830.00,9580.00,181.00,2.13,0.00,1.19,-0.19,0.00,1.54
3830.00,9580.00,182.00,2.81,0.00,1.54,-0.05,0.00,1.53
3830.00,9580.00,185.00,-0.89,0.00,-1.03,0.02,0.00,-0.08
3830.00,9580.00,187.00,1.25,0.00,-7.76,0.06,0.00,-1.79
3830.00,9580.00,189.00,-0.10,0.00,-5.80,-0.20,0.00,-0.14
3830.00,9580.00,190.00,0.86,0.00,-6.06,-0.32,0.00,-1.46
3830.00,9580.00,192.00,1.44,0.00,-3.92,-0.05,0.00,-1.70
3830.00,9580.00,193.00,0.55,0.00,-4.01,0.18,0.00,-1.91
3830.00,9580.00,194.00,2.10,0.00,-4.15,0.13,0.00,1.53
3830.00,9580.00,195.00,2.58,0.00,-4.36,0.06,0.00,1.45
3830.00,9580.00,196.00,1.42,0.00,-0.98,-0.29,0.00,-1.48
3830.00,9580.00,199.00,-0.48,0.00,-3.90,0.27,0.00,-0.39
3830.00,9580.00,200.00,2.14,0.00,-8.14,0.07,0.00,1.34
3830.00,9580.00,201.00,2.84,0.00,-8.25,0.07,0.00,1.36
3840.00,9590.00,180.00,-1.09,0.00,-6.72,0.00,0.00,0.00
3840.00,9590.00,181.00,2.13,0.00,1.77,-0.01,0.00,1.56
3840.00,9590.00,182.00,2.80,0.00,2.11,-0.06,0.00,1.43
3840.00,9590.00,185.00,-0.90,0.00,-1.06,0.02,0.00,-0.05
3840.00,9590.00,187.00,1.27,0.00,-8.41,0.01,0.00,-1.49
3840.00,9590.00,190.00,0.80,0.00,-6.70,0.05,0.00,-1.57
3840.00,9590.00,192.00,1.43,0.00,-4.58,0.00,0.00,-1.63
3840.00,9590.00,193.00,0.63,0.00,-4.71,0.08,0.00,-1.98
3840.00,9590.00,194.00,2.17,0.00,-3.56,0.06,0.00,1.46
3840.00,9590.00,195.00,2.61,0.00,-3.79,0.01,0.00,1.41
3840.00,9590.00,196.00,1.33,0.00,-1.55,-0.20,0.00,-1.50
3840.00,9590.00,199.00,-0.39,0.00,-4.04,0.22,0.00,-0.38
3840.00,9590.00,200.00,2.13,0.00,-7.58,0.01,0.00,1.47
3840.00,9590.00,201.00,2.84,0.00,-7.69,-0.04,0.00,1.44
3840.00,9590.00,202.00,-0.04,0.00,-5.70,0.00,0.00,0.00
3840.00,9590.00,203.00,0.95,0.00,4.00,0.26,0.00,-1.24
3840.00,9600.00,180.00,-1.09,0.00,-6.72,0.00,0.00,0.00
3840.00,9600.00,181.00,2.13,0.00,2.44,-0.16,0.00,1.63
3840.00,9600.00,182.00,2.76,0.00,2.68,-0.06,0.00,1.48
3840.00,9600.00,185.00,-0.88,0.00,-1.08,0.05,0.00,-0.03
3840.00,9600.00,187.00,1.26,0.00,-8.95,0.16,0.00,-1.67
3840.00,9600.00,190.00,0.90,0.00,-7.31,0.10,0.00,-1.55
3840.00,9600.00,192.00,1.45,0.00,-5.23,0.10,0.00,-1.59
3840.00,9600.00,193.00,0.62,0.00,-5.59,0.00,0.00,-2.07
3840.00,9600.00,194.00,2.14,0.00,-2.99,-0.04,0.00,1.39
3840.00,9600.00,195.00,2.59,0.00,-3.23,-0.09,0.00,1.37
3840.00,9600.00,196.00,1.26,0.00,-2.18,-0.23,0.00,-1.57
3840.00,9600.00,199.00,-0.30,0.00,-4.21,0.11,0.00,-0.22
3840.00,9600.00,200.00,2.15,0.00,-6.96,-0.01,0.00,1.47
3840.00,9600.00,201.00,2.81,0.00,-7.09,0.03,0.00,1.46
3840.00,9600.00,202.00,-0.04,0.00,-5.70,0.00,0.00,0.00
3840.00,9600.00,203.00,1.05,0.00,3.50,-0.02,0.00,-1.22
3840.00,9610.00,180.00,-1.09,0.00,-6.72,0.00,0.00,0.00
3840.00,9610.00,181.00,2.00,0.00,3.07,-0.33,0.00,1.59
3840.00,9610.00,182.00,2.76,0.00,3.29,-0.01,0.00,1.52
3840.00,9610.00,185.00,-0.86,0.00,-1.08,-0.04,0.00,0.11
3840.00,9610.00,187.00,1.40,0.00,-9.75,0.36,0.00,-1.98
3840.00,9610.00,190.00,0.88,0.00,-7.94,-0.01,0.00,-1.52
3840.00,9610.00,192.00,1.50,0.00,-5.85,0.19,0.00,-1.65
3840.00,9610.00,193.00,0.63,0.00,-6.36,-0.18,0.00,-1.83
3840.00,9610.00,194.00,2.14,0.00,-2.45,-0.06,0.00,1.37
3840.00,9610.00,195.00,2.54,0.00,-2.70,-0.11,0.00,1.40
3840.00,9610.00,196.00,1.15,0.00,-2.81,-0.13,0.00,-1.56
3840.00,9610.00,199.00,-0.30,0.00,-4.21,0.00,0.00,0.00
3840.00,9610.00,200.00,2.12,0.00,-6.40,-0.02,0.00,1.40
3840.00,9610.00,201.00,2.86,0.00,-6.52,0.05,0.00,1.38
3840.00,9610.00,203.00,0.93,0.00,3.02,-0.18,0.00,-1.16
3840.00,9610.00,204.00,-0.13,0.00,-5.85,0.00,0.00,0.00
3850.00,9620.00,180.00,-1.09,0.00,-6.72,0.00,0.00,0.00
3850.00,9620.00,185.00,-0.91,0.00,-0.99,-0.07,0.00,0.01
3850.00,9620.00,190.00,0.89,0.00,-8.53,0.18,0.00,-1.48
3850.00,9620.00,192.00,1.60,0.00,-6.54,0.16,0.00,-1.77
3850.00,9620.00,193.00,0.48,0.00,-7.06,-0.13,0.00,-1.89
3850.00,9620.00,194.00,2.09,0.00,-1.89,-0.20,0.00,1.41
3850.00,9620.00,195.00,2.50,0.00,-2.12,-0.15,0.00,1.45
3850.00,9620.00,196.00,1.15,0.00,-3.43,0.04,0.00,-1.71
3850.00,9620.00,199.00,-0.30,0.00,-4.21,0.33,0.00,-0.08
3850.00,9620.00,200.00,2.13,0.00,-5.85,0.10,0.00,1.43
3850.00,9620.00,201.00,2.86,0.00,-5.99,-0.11,0.00,1.42
3850.00,9620.00,203.00,0.91,0.00,2.57,0.00,0.00,-1.17
3850.00,9620.00,204.00,-0.13,0.00,-5.85,-0.43,0.00,-0.25
3850.00,9630.00,180.00,-1.09,0.00,-6.72,0.00,0.00,0.00
3850.00,9630.00,185.00,-0.92,0.00,-1.07,-0.03,0.00,-0.15
3850.00,9630.00,190.00,1.02,0.00,-9.12,0.27,0.00,-1.48
3850.00,9630.00,192.00,1.63,0.00,-7.27,0.16,0.00,-1.79
3850.00,9630.00,193.00,0.53,0.00,-7.88,-0.02,0.00,-1.95
3850.00,9630.00,194.00,1.98,0.00,-1.32,-0.22,0.00,1.39
3850.00,9630.00,195.00,2.42,0.00,-1.53,-0.10,0.00,1.45
3850.00,9630.00,196.00,1.19,0.00,-4.18,0.10,0.00,-1.62
3850.00,9630.00,199.00,-0.03,0.00,-4.27,0.33,0.00,-0.08
3850.00,9630.00,200.00,2.20,0.00,-5.26,0.01,0.00,1.47
3850.00,9630.00,201.00,2.78,0.00,-5.39,-0.13,0.00,1.47
3850.00,9630.00,203.00,0.94,0.00,2.09,-0.09,0.00,-1.18
3850.00,9630.00,204.00,-0.47,0.00,-6.05,-0.64,0.00,-0.23
3850.00,9630.00,205.00,3.49,0.00,0.22,-0.16,0.00,-1.24
3860.00,9640.00,180.00,-1.09,0.00,-6.72,-0.02,0.00,0.03
3860.00,9640.00,185.00,-0.94,0.00,-1.11,-0.03,0.00,-0.07
3860.00,9640.00,190.00,1.10,0.00,-9.71,0.20,0.00,-1.48
3860.00,9640.00,192.00,1.72,0.00,-7.97,0.28,0.00,-1.70
3860.00,9640.00,193.00,0.46,0.00,-8.62,-0.14,0.00,-1.97
3860.00,9640.00,194.00,1.92,0.00,-0.77,-0.18,0.00,1.34
3860.00,9640.00,195.00,2.42,0.00,-0.96,-0.06,0.00,1.44
3860.00,9640.00,196.00,1.23,0.00,-4.72,0.27,0.00,-1.48
3860.00,9640.00,199.00,-0.03,0.00,-4.27,0.00,0.00,0.00
3860.00,9640.00,200.00,2.14,0.00,-4.67,-0.22,0.00,1.44
3860.00,9640.00,201.00,2.76,0.00,-4.81,-0.17,0.00,1.43
3860.00,9640.00,203.00,0.84,0.00,1.62,-0.14,0.00,-1.20
3860.00,9640.00,204.00,-0.64,0.00,-6.04,-0.57,0.00,0.18
3860.00,9640.00,205.00,3.43,0.00,-0.28,-0.22,0.00,-1.14
3860.00,9650.00,180.00,-1.11,0.00,-6.70,-0.02,0.00,0.03
3860.00,9650.00,185.00,-0.94,0.00,-1.13,0.02,0.00,0.00
3860.00,9650.00,192.00,1.85,0.00,-8.62,0.33,0.00,-1.62
3860.00,9650.00,193.00,0.42,0.00,-9.46,-0.12,0.00,-2.08
3860.00,9650.00,194.00,1.83,0.00,-0.25,-0.16,0.00,1.34
3860.00,9650.00,195.00,2.38,0.00,-0.38,-0.08,0.00,1.42
3860.00,9650.00,196.00,1.40,0.00,-5.36,0.26,0.00,-1.58
3860.00,9650.00,199.00,-0.03,0.00,-4.27,0.00,0.00,0.00
3860.00,9650.00,200.00,2.03,0.00,-4.11,-0.24,0.00,1.49
3860.00,9650.00,201.00,2.64,0.00,-4.25,-0.10,0.00,1.54
3860.00,9650.00,203.00,0.83,0.00,1.12,-0.12,0.00,-1.21
3860.00,9650.00,204.00,-0.92,0.00,-5.91,-0.60,0.00,0.20
3860.00,9650.00,205.00,3.32,0.00,-0.70,-0.11,0.00,-1.21
3860.00,9660.00,180.00,-1.11,0.00,-6.70,0.00,0.00,0.00
3860.00,9660.00,185.00,-0.92,0.00,-1.11,0.08,0.00,0.07
3860.00,9660.00,194.00,1.79,0.00,0.30,-0.10,0.00,1.45
3860.00,9660.00,195.00,2.35,0.00,0.17,-0.07,0.00,1.32
3860.00,9660.00,196.00,1.44,0.00,-5.99,0.15,0.00,-1.59
3860.00,9660.00,199.00,-0.03,0.00,-4.27,0.00,0.00,0.00
3860.00,9660.00,200.00,1.95,0.00,-3.48,-0.24,0.00,1.52
3860.00,9660.00,201.00,2.68,0.00,-3.58,0.01,0.00,1.43
3860.00,9660.00,203.00,0.74,0.00,0.66,-0.33,0.00,-1.25
3860.00,9660.00,204.00,-1.12,0.00,-5.87,-0.42,0.00,0.03
3860.00,9660.00,205.00,3.34,0.00,-1.25,0.09,0.00,-1.21
3860.00,9660.00,206.00,1.26,0.00,3.84,-0.06,0.00,-1.08
3870.00,9670.00,180.00,-1.11,0.00,-6.70,0.00,0.00,0.00
3870.00,9670.00,185.00,-0.88,0.00,-1.08,0.03,0.00,0.17
3870.00,9670.00,194.00,1.75,0.00,0.92,-0.14,0.00,1.29
3870.00,9670.00,195.00,2.33,0.00,0.67,-0.15,0.00,1.48
3870.00,9670.00,196.00,1.52,0.00,-6.64,0.10,0.00,-1.64
3870.00,9670.00,199.00,-0.03,0.00,-4.27,-0.26,0.00,0.13
3870.00,9670.00,200.00,1.84,0.00,-2.89,-0.20,0.00,1.39
3870.00,9670.00,201.00,2.65,0.00,-3.10,-0.23,0.00,1.26
3870.00,9670.00,203.00,0.56,0.00,0.12,-0.18,0.00,-1.43
3870.00,9670.00,204.00,-1.26,0.00,-5.88,-0.31,0.00,0.10
3870.00,9670.00,205.00,3.39,0.00,-1.66,0.07,0.00,-1.18
3870.00,9670.00,206.00,1.24,0.00,3.41,-0.14,0.00,-1.19
3870.00,9670.00,207.00,-0.45,0.00,2.58,0.71,0.00,0.64
3870.00,9670.00,208.00,-0.98,0.00,2.79,0.63,0.00,0.66
3870.00,9680.00,180.00,-1.11,0.00,-6.70,0.00,0.00,0.00
3870.00,9680.00,185.00,-0.89,0.00,-0.97,-0.09,0.00,0.17
3870.00,9680.00,194.00,1.68,0.00,1.33,-0.02,0.00,1.22
3870.00,9680.00,195.00,2.23,0.00,1.36,-0.13,0.00,1.47
3870.00,9680.00,196.00,1.52,0.00,-7.30,-0.09,0.00,-1.68
3870.00,9680.00,199.00,-0.24,0.00,-4.17,-0.19,0.00,-0.03
3870.00,9680.00,200.00,1.79,0.00,-2.37,-0.06,0.00,1.35
3870.00,9680.00,201.00,2.50,0.00,-2.57,-0.13,0.00,1.45
3870.00,9680.00,203.00,0.60,0.00,-0.49,-0.03,0.00,-1.43
3870.00,9680.00,204.00,-1.37,0.00,-5.79,-0.26,0.00,0.25
3870.00,9680.00,205.00,3.40,0.00,-2.19,0.03,0.00,-1.10
3870.00,9680.00,206.00,1.15,0.00,2.89,-0.12,0.00,-1.30
3870.00,9680.00,207.00,-0.16,0.00,2.84,0.64,0.00,0.67
3870.00,9680.00,208.00,-0.73,0.00,3.06,0.65,0.00,0.67
3880.00,9690.00,180.00,-1.11,0.00,-6.70,0.00,0.00,0.00
3880.00,9690.00,185.00,-0.95,0.00,-0.95,-0.07,0.00,0.06
3880.00,9690.00,194.00,1.73,0.00,1.89,0.12,0.00,1.34
3880.00,9690.00,195.00,2.23,0.00,1.85,0.00,0.00,1.21
3880.00,9690.00,196.00,1.44,0.00,-7.98,-0.19,0.00,-1.70
3880.00,9690.00,199.00,-0.19,0.00,-4.30,0.17,0.00,0.03
3880.00,9690.00,200.00,1.78,0.00,-1.81,-0.15,0.00,1.54
3880.00,9690.00,201.00,2.55,0.00,-1.95,0.13,0.00,1.46
3880.00,9690.00,203.00,0.53,0.00,-1.02,-0.01,0.00,-1.38
3880.00,9690.00,204.00,-1.46,0.00,-5.68,-0.12,0.00,0.14
3880.00,9690.00,205.00,3.42,0.00,-2.55,0.06,0.00,-1.01
3880.00,9690.00,206.00,1.14,0.00,2.37,-0.10,0.00,-1.38
3880.00,9690.00,207.00,0.06,0.00,3.12,0.57,0.00,0.71
3880.00,9690.00,208.00,-0.46,0.00,3.33,0.67,0.00,0.69
3880.00,9700.00,180.00,-1.11,0.00,-6.70,0.00,0.00,0.00
3880.00,9700.00,185.00,-0.95,0.00,-0.93,0.07,0.00,-0.11
3880.00,9700.00,194.00,1.78,0.00,2.40,0.13,0.00,1.41
3880.00,9700.00,195.00,2.23,0.00,2.32,0.02,0.00,1.28
3880.00,9700.00,199.00,-0.10,0.00,-4.15,-0.02,0.00,0.13
3880.00,9700.00,200.00,1.67,0.00,-1.14,-0.06,0.00,1.38
3880.00,9700.00,201.00,2.60,0.00,-1.40,0.03,0.00,1.35
3880.00,9700.00,203.00,0.60,0.00,-1.60,0.25,0.00,-1.39
3880.00,9700.00,204.00,-1.46,0.00,-5.68,0.00,0.00,0.00
3880.00,9700.00,205.00,3.45,0.00,-3.00,0.12,0.00,-1.16
3880.00,9700.00,206.00,1.07,0.00,1.78,-0.04,0.00,-1.49
3880.00,9710.00,180.00,-1.11,0.00,-6.70,0.00,0.00,0.00
3880.00,9710.00,185.00,-0.89,0.00,-1.03,0.06,0.00,-0.16
3880.00,9710.00,194.00,1.83,0.00,3.02,0.13,0.00,1.56
3880.00,9710.00,195.00,2.25,0.00,2.87,0.03,0.00,1.37
3880.00,9710.00,199.00,-0.20,0.00,-4.20,0.03,0.00,-0.28
3880.00,9710.00,200.00,1.73,0.00,-0.71,0.25,0.00,1.16
3880.00,9710.00,201.00,2.57,0.00,-0.86,0.05,0.00,1.37
3880.00,9710.00,203.00,0.74,0.00,-2.14,0.20,0.00,-1.46
3880.00,9710.00,204.00,-1.46,0.00,-5.68,0.02,0.00,0.00
3880.00,9710.00,205.00,3.51,0.00,-3.48,0.27,0.00,-1.20
3880.00,9710.00,206.00,1.11,0.00,1.18,0.03,0.00,-1.48
3890.00,9720.00,180.00,-1.11,0.00,-6.70,0.00,0.00,0.00
3890.00,9720.00,185.00,-0.90,0.00,-1.06,0.00,0.00,-0.08
3890.00,9720.00,199.00,-0.08,0.00,-4.37,0.08,0.00,-0.26
3890.00,9720.00,200.00,1.87,0.00,-0.21,0.05,0.00,1.36
3890.00,9720.00,201.00,2.64,0.00,-0.30,0.08,0.00,1.39
3890.00,9720.00,203.00,0.76,0.00,-2.76,0.27,0.00,-1.44
3890.00,9720.00,204.00,-1.44,0.00,-5.68,0.02,0.00,0.00
3890.00,9720.00,205.00,3.66,0.00,-3.96,0.38,0.00,-1.22
3890.00,9720.00,206.00,1.10,0.00,0.60,0.03,0.00,-1.58
3890.00,9730.00,180.00,-1.11,0.00,-6.70,0.00,0.00,0.00
3890.00,9730.00,185.00,-0.90,0.00,-1.10,0.00,0.00,-0.08
3890.00,9730.00,199.00,-0.14,0.00,-4.41,-0.01,0.00,-0.20
3890.00,9730.00,200.00,1.78,0.00,0.38,-0.08,0.00,1.40
3890.00,9730.00,201.00,2.63,0.00,0.25,-0.13,0.00,1.35
3890.00,9730.00,203.00,0.95,0.00,-3.29,0.26,0.00,-1.21
3890.00,9730.00,204.00,-1.44,0.00,-5.68,0.00,0.00,0.00
3890.00,9730.00,206.00,1.13,0.00,-0.08,0.22,0.00,-1.48
3890.00,9730.00,211.00,3.72,0.00,2.69,-0.15,0.00,-0.36
3890.00,9730.00,212.00,3.94,0.00,0.89,0.08,0.00,0.62
3900.00,9740.00,180.00,-1.11,0.00,-6.70,0.00,0.00,0.00
3900.00,9740.00,185.00,-0.90,0.00,-1.12,-0.03,0.00,-0.02
3900.00,9740.00,199.00,-0.09,0.00,-4.53,0.27,0.00,-0.38
3900.00,9740.00,200.00,1.81,0.00,0.91,-0.03,0.00,1.15
3900.00,9740.00,201.00,2.53,0.00,0.78,-0.11,0.00,1.42
3900.00,9740.00,203.00,0.97,0.00,-3.73,0.04,0.00,-1.44
3900.00,9740.00,204.00,-1.44,0.00,-5.68,0.00,0.00,0.00
3900.00,9740.00,206.00,1.28,0.00,-0.58,0.20,0.00,-1.48
3900.00,9740.00,211.00,3.65,0.00,2.54,-0.28,0.00,-0.31
3900.00,9740.00,212.00,3.97,0.00,1.13,0.24,0.00,0.86
3900.00,9750.00,180.00,-1.11,0.00,-6.70,0.00,0.00,0.00
3900.00,9750.00,185.00,-0.92,0.00,-1.11,-0.07,0.00,0.01
3900.00,9750.00,199.00,0.08,0.00,-4.71,0.34,0.00,-0.44
3900.00,9750.00,200.00,1.75,0.00,1.29,-0.16,0.00,1.31
3900.00,9750.00,201.00,2.55,0.00,1.38,0.07,0.00,1.22
3900.00,9750.00,203.00,0.98,0.00,-4.44,0.19,0.00,-1.63
3900.00,9750.00,204.00,-1.44,0.00,-5.68,0.00,0.00,0.00
3900.00,9750.00,206.00,1.29,0.00,-1.27,0.24,0.00,-1.63
3900.00,9750.00,211.00,3.49,0.00,2.44,-0.35,0.00,-0.33
3900.00,9750.00,212.00,4.13,0.00,1.57,0.41,0.00,1.09
3900.00,9760.00,180.00,-1.11,0.00,-6.70,0.00,0.00,0.00
3900.00,9760.00,185.00,-0.96,0.00,-1.11,-0.05,0.00,0.01
3900.00,9760.00,199.00,0.18,0.00,-4.89,0.26,0.00,-0.43
3900.00,9760.00,200.00,1.68,0.00,1.96,-0.06,0.00,1.42
3900.00,9760.00,201.00,2.59,0.00,1.75,-0.21,0.00,1.24
3900.00,9760.00,203.00,1.12,0.00,-5.03,0.11,0.00,-1.44
3900.00,9760.00,204.00,-1.44,0.00,-5.68,0.00,0.00,0.00
3900.00,9760.00,206.00,1.46,0.00,-1.89,0.33,0.00,-1.54
3900.00,9760.00,211.00,3.37,0.00,2.28,-0.27,0.00,-0.44
3910.00,9770.00,180.00,-1.11,0.00,-6.70,0.00,0.00,0.00
3910.00,9770.00,185.00,-0.96,0.00,-1.11,0.02,0.00,0.00
3910.00,9770.00,200.00,1.70,0.00,2.43,0.10,0.00,1.30
3910.00,9770.00,201.00,2.38,0.00,2.38,-0.10,0.00,1.47
3910.00,9770.00,203.00,1.07,0.00,-5.59,-0.01,0.00,-1.43
3910.00,9770.00,204.00,-1.44,0.00,-5.68,0.00,0.00,0.00
3910.00,9770.00,206.00,1.56,0.00,-2.50,0.31,0.00,-1.51
3910.00,9770.00,211.00,3.27,0.00,2.08,-0.21,0.00,-0.60
3910.00,9770.00,213.00,0.37,0.00,-5.19,0.34,0.00,-0.74
3910.00,9780.00,180.00,-1.11,0.00,-6.70,0.00,0.00,0.00
3910.00,9780.00,185.00,-0.94,0.00,-1.11,0.02,0.00,0.00
3910.00,9780.00,200.00,1.75,0.00,3.00,0.13,0.00,1.41
3910.00,9780.00,201.00,2.50,0.00,2.92,0.30,0.00,1.37
3910.00,9780.00,203.00,1.11,0.00,-6.18,0.04,0.00,-1.41
3910.00,9780.00,204.00,-1.44,0.00,-5.68,0.00,0.00,0.00
3910.00,9780.00,206.00,1.71,0.00,-3.09,0.41,0.00,-1.47
3910.00,9780.00,211.00,3.20,0.00,1.80,-0.10,0.00,-0.64
3910.00,9780.00,213.00,0.51,0.00,-5.48,0.38,0.00,-0.39
3920.00,9790.00,180.00,-1.11,0.00,-6.70,0.00,0.00,0.00
3920.00,9790.00,185.00,-0.94,0.00,-1.11,0.00,0.00,0.00
3920.00,9790.00,203.00,1.10,0.00,-6.72,-0.20,0.00,-1.55
3920.00,9790.00,204.00,-1.44,0.00,-5.68,0.00,0.00,0.00
3920.00,9790.00,206.00,1.88,0.00,-3.67,0.38,0.00,-1.59
3920.00,9790.00,211.00,3.19,0.00,1.57,0.06,0.00,-0.62
3920.00,9790.00,213.00,0.68,0.00,-5.50,0.03,0.00,-0.23
3920.00,9790.00,214.00,1.45,0.00,-9.95,0.82,0.00,1.37
3920.00,9800.00,180.00,-1.11,0.00,-6.70,0.00,0.00,0.00
3920.00,9800.00,185.00,-0.94,0.00,-1.11,0.00,0.00,0.00
3920.00,9800.00,203.00,0.95,0.00,-7.42,-0.14,0.00,-1.68
3920.00,9800.00,204.00,-1.44,0.00,-5.68,0.00,0.00,0.00
3920.00,9800.00,206.00,2.01,0.00,-4.36,0.51,0.00,-1.62
3920.00,9800.00,211.00,3.25,0.00,1.31,0.08,0.00,-0.55
3920.00,9800.00,213.00,0.54,0.00,-5.67,-0.32,0.00,-0.58
3920.00,9800.00,214.00,1.77,0.00,-9.40,0.70,0.00,1.32
3920.00,9810.00,180.00,-1.11,0.00,-6.70,0.00,0.00,0.00
3920.00,9810.00,185.00,-0.94,0.00,-1.11,0.00,0.00,0.00
3920.00,9810.00,203.00,0.99,0.00,-8.07,-0.04,0.00,-1.49
3920.00,9810.00,204.00,-1.44,0.00,-5.68,0.00,0.00,0.00
3920.00,9810.00,206.00,2.29,0.00,-4.97,0.77,0.00,-1.37
3920.00,9810.00,211.00,3.26,0.00,1.13,-0.05,0.00,-0.46
3920.00,9810.00,213.00,0.43,0.00,-5.96,-0.02,0.00,-0.76
3920.00,9810.00,214.00,2.00,0.00,-8.89,0.63,0.00,1.37
3930.00,9820.00,180.00,-1.11,0.00,-6.70,0.00,0.00,0.00
3930.00,9820.00,185.00,-0.94,0.00,-1.11,0.00,0.00,0.00
3930.00,9820.00,203.00,0.92,0.00,-8.61,-0.06,0.00,-1.49
3930.00,9820.00,204.00,-1.44,0.00,-5.68,0.00,0.00,0.00
3930.00,9820.00,206.00,2.63,0.00,-5.45,0.97,0.00,-1.35
3930.00,9820.00,211.00,3.21,0.00,0.94,-0.14,0.00,-0.44
3930.00,9820.00,213.00,0.52,0.00,-6.27,0.19,0.00,-0.90
3930.00,9820.00,214.00,2.27,0.00,-8.31,0.69,0.00,1.28
3930.00,9820.00,215.00,2.86,0.00,-10.00,0.05,0.00,0.99
3930.00,9830.00,180.00,-1.11,0.00,-6.70,0.00,0.00,0.00
3930.00,9830.00,185.00,-0.94,0.00,-1.11,0.00,0.00,0.00
3930.00,9830.00,203.00,0.94,0.00,-9.26,0.01,0.00,-1.57
3930.00,9830.00,204.00,-1.44,0.00,-5.68,0.00,0.00,0.00
3930.00,9830.00,206.00,3.07,0.00,-6.05,1.01,0.00,-1.32
3930.00,9830.00,211.00,3.15,0.00,0.78,-0.09,0.00,-0.35
3930.00,9830.00,213.00,0.57,0.00,-6.68,0.09,0.00,-0.92
3930.00,9830.00,214.00,2.55,0.00,-7.87,0.51,0.00,1.36
3930.00,9830.00,215.00,2.88,0.00,-9.62,-0.02,0.00,0.92
3940.00,9840.00,180.00,-1.11,0.00,-6.70,0.00,0.00,0.00
3940.00,9840.00,185.00,-0.94,0.00,-1.11,0.00,0.00,0.00
3940.00,9840.00,203.00,0.93,0.00,-9.87,-0.04,0.00,-1.52
3940.00,9840.00,204.00,-1.44,0.00,-5.68,0.00,0.00,0.00
3940.00,9840.00,206.00,3.44,0.00,-6.51,1.24,0.00,-1.52
3940.00,9840.00,211.00,3.14,0.00,0.66,0.02,0.00,-0.40
3940.00,9840.00,213.00,0.59,0.00,-7.01,0.05,0.00,-0.84
3940.00,9840.00,214.00,2.68,0.00,-7.22,0.49,0.00,1.45
3940.00,9840.00,215.00,2.84,0.00,-9.28,-0.34,0.00,0.94
3940.00,9850.00,180.00,-1.11,0.00,-6.70,0.00,0.00,0.00
3940.00,9850.00,185.00,-0.94,0.00,-1.11,-0.04,0.00,0.11
3940.00,9850.00,204.00,-1.44,0.00,-5.68,0.00,0.00,0.00
3940.00,9850.00,206.00,4.06,0.00,-7.27,1.54,0.00,-1.88
3940.00,9850.00,211.00,3.17,0.00,0.46,0.07,0.00,-0.38
3940.00,9850.00,213.00,0.61,0.00,-7.36,0.21,0.00,-0.93
3940.00,9850.00,214.00,2.94,0.00,-6.71,0.61,0.00,1.26
3940.00,9850.00,215.00,2.61,0.00,-8.87,-0.45,0.00,0.90
3940.00,9860.00,180.00,-1.11,0.00,-6.70,0.00,0.00,0.00
3940.00,9860.00,185.00,-0.97,0.00,-1.02,0.02,0.00,0.00
3940.00,9860.00,204.00,-1.44,0.00,-5.68,0.00,0.00,0.00
3940.00,9860.00,211.00,3.20,0.00,0.36,0.01,0.00,-0.15
3940.00,9860.00,213.00,0.76,0.00,-7.75,0.28,0.00,-0.91
3940.00,9860.00,214.00,3.17,0.00,-6.21,0.63,0.00,1.18
3940.00,9860.00,215.00,2.48,0.00,-8.56,-0.27,0.00,0.91
3950.00,9870.00,180.00,-1.11,0.00,-6.70,0.00,0.00,0.00
3950.00,9870.00,185.00,-0.92,0.00,-1.11,0.07,0.00,-0.11
3950.00,9870.00,204.00,-1.44,0.00,-5.68,0.00,0.00,0.00
3950.00,9870.00,211.00,3.18,0.00,0.34,-0.05,0.00,-0.04
3950.00,9870.00,213.00,0.84,0.00,-8.08,0.09,0.00,-0.92
3950.00,9870.00,214.00,3.44,0.00,-5.77,0.86,0.00,0.98
3950.00,9870.00,215.00,2.39,0.00,-8.14,-0.22,0.00,0.94
3950.00,9880.00,180.00,-1.11,0.00,-6.70,0.00,0.00,0.00
3950.00,9880.00,185.00,-0.92,0.00,-1.11,0.00,0.00,0.00
3950.00,9880.00,204.00,-1.44,0.00,-5.68,0.00,0.00,0.00
3950.00,9880.00,211.00,3.16,0.00,0.33,-0.18,0.00,-0.02
3950.00,9880.00,213.00,0.83,0.00,-8.48,0.06,0.00,-0.99
3950.00,9880.00,214.00,3.85,0.00,-5.43,0.98,0.00,0.89
3950.00,9880.00,215.00,2.30,0.00,-7.81,-0.39,0.00,0.82
3960.00,9890.00,180.00,-1.11,0.00,-6.70,0.00,0.00,0.00
3960.00,9890.00,185.00,-0.92,0.00,-1.11,0.00,0.00,0.00
3960.00,9890.00,204.00,-1.44,0.00,-5.68,0.00,0.00,0.00
3960.00,9890.00,211.00,3.03,0.00,0.33,-0.32,0.00,0.00
3960.00,9890.00,213.00,0.89,0.00,-8.87,0.16,0.00,-1.02
3960.00,9890.00,214.00,4.23,0.00,-5.06,0.93,0.00,0.94
3960.00,9890.00,215.00,2.08,0.00,-7.48,-0.51,0.00,0.81
3960.00,9900.00,180.00,-1.11,0.00,-6.70,0.00,0.00,0.00
3960.00,9900.00,185.00,-0.92,0.00,-1.11,-0.02,0.00,0.00
3960.00,9900.00,204.00,-1.44,0.00,-5.68,0.00,0.00,0.00
3960.00,9900.00,213.00,0.96,0.00,-9.30,0.18,0.00,-1.07
3960.00,9900.00,215.00,1.90,0.00,-7.17,-0.30,0.00,0.92
3960.00,9900.00,216.00,2.93,0.00,0.44,-0.44,0.00,0.26
3960.00,9910.00,180.00,-1.11,0.00,-6.70,0.00,0.00,0.00
3960.00,9910.00,185.00,-0.94,0.00,-1.11,-0.02,0.00,0.00
3960.00,9910.00,204.00,-1.44,0.00,-5.68,0.00,0.00,0.00
3960.00,9910.00,215.00,1.84,0.00,-6.74,-0.13,0.00,0.96
3960.00,9910.00,216.00,2.76,0.00,0.55,-0.53,0.00,0.30
3970.00,9920.00,180.00,-1.11,0.00,-6.70,0.00,0.00,0.00
3970.00,9920.00,185.00,-0.94,0.00,-1.11,0.00,0.00,0.00
3970.00,9920.00,215.00,1.79,0.00,-6.40,-0.23,0.00,0.92
3970.00,9920.00,216.00,2.51,0.00,0.68,-0.53,0.00,0.35
3970.00,9920.00,217.00,-1.42,0.00,-5.68,0.00,0.00,0.00
3970.00,9930.00,180.00,-1.11,0.00,-6.70,0.00,0.00,0.00
3970.00,9930.00,185.00,-0.94,0.00,-1.11,0.00,0.00,0.00
3970.00,9930.00,215.00,1.66,0.00,-6.01,-0.27,0.00,0.95
3970.00,9930.00,216.00,2.33,0.00,0.83,-0.36,0.00,0.53
3970.00,9930.00,217.00,-1.42,0.00,-5.68,0.00,0.00,0.00
3980.00,9940.00,180.00,-1.11,0.00,-6.70,0.00,0.00,0.00
3980.00,9940.00,185.00,-0.94,0.00,-1.11,0.02,0.00,-0.03
3980.00,9940.00,215.00,1.57,0.00,-5.64,-0.06,0.00,0.98
3980.00,9940.00,216.00,2.22,0.00,1.10,-0.33,0.00,0.67
3980.00,9940.00,217.00,-1.42,0.00,-5.68,0.00,0.00,0.00
3980.00,9950.00,180.00,-1.11,0.00,-6.70,0.00,0.00,0.00
3980.00,9950.00,185.00,-0.92,0.00,-1.13,0.05,0.00,-0.06
3980.00,9950.00,215.00,1.61,0.00,-5.22,0.03,0.00,1.00
3980.00,9950.00,216.00,2.07,0.00,1.36,-0.40,0.00,0.68
3980.00,9950.00,217.00,-1.42,0.00,-5.68,0.00,0.00,0.00
3980.00,9960.00,180.00,-1.11,0.00,-6.70,0.00,0.00,0.00
3980.00,9960.00,185.00,-0.90,0.00,-1.16,0.03,0.00,0.07
3980.00,9960.00,215.00,1.60,0.00,-4.84,-0.25,0.00,0.88
3980.00,9960.00,216.00,1.90,0.00,1.65,-0.28,0.00,0.86
3980.00,9960.00,217.00,-1.42,0.00,-5.68,0.00,0.00,0.00
3990.00,9970.00,180.00,-1.11,0.00,-6.70,0.00,0.00,0.00
3990.00,9970.00,185.00,-0.90,0.00,-1.08,-0.02,0.00,0.11
3990.00,9970.00,215.00,1.41,0.00,-4.52,-0.49,0.00,0.83
3990.00,9970.00,216.00,1.85,0.00,2.05,-0.18,0.00,0.87
3990.00,9970.00,217.00,-1.42,0.00,-5.68,0.00,0.00,0.00
3990.00,9980.00,180.00,-1.11,0.00,-6.70,0.00,0.00,0.00
3990.00,9980.00,185.00,-0.92,0.00,-1.07,-0.07,0.00,0.04
3990.00,9980.00,215.00,1.20,0.00,-4.18,-0.32,0.00,0.91
3990.00,9980.00,216.00,1.76,0.00,2.34,-0.19,0.00,0.70
3990.00,9980.00,217.00,-1.42,0.00,-5.68,0.00,0.00,0.00
3990.00,9980.00,218.00,3.58,0.00,3.10,-0.18,0.00,-1.62
4000.00,9990.00,180.00,-1.11,0.00,-6.70,0.00,0.00,0.00
4000.00,9990.00,185.00,-0.95,0.00,-1.05,-0.09,0.00,0.06
4000.00,9990.00,215.00,1.15,0.00,-3.79,-0.13,0.00,0.97
4000.00,9990.00,216.00,1.70,0.00,2.61,-0.15,0.00,0.67
4000.00,9990.00,217.00,-1.42,0.00,-5.68,0.00,0.00,0.00
4000.00,9990.00,218.00,3.51,0.00,2.45,-0.18,0.00,-1.62
4000.00,10000.00,219.00,1.08,0.00,-3.42,-0.33,0.00,0.89
4000.00,10000.00,219.00,0.95,0.00,-3.07,-0.35,0.00,0.94
4010.00,10000.00,219.00,0.80,0.00,-2.67,-0.13,0.00,0.97
4010.00,10000.00,220.00,3.40,0.00,0.82,0.01,0.00,-1.56
4010.00,10000.00,219.00,0.84,0.00,-2.29,0.03,0.00,1.00
4010.00,10000.00,220.00,3.40,0.00,0.19,-0.08,0.00,-1.52
4020.00,10000.00,219.00,0.83,0.00,-1.87,-0.21,0.00,0.98
4020.00,10000.00,220.00,3.34,0.00,-0.40,-0.21,0.00,-1.46
4020.00,10000.00,221.00,3.84,0.00,-5.96,-0.09,0.00,1.67
4020.00,10100.00,219.00,0.68,0.00,-1.51,-0.38,0.00,0.90
4020.00,10100.00,220.00,3.23,0.00,-0.98,-0.12,0.00,-1.45
4020.00,10100.00,221.00,3.81,0.00,-5.29,0.10,0.00,1.53
4020.00,10100.00,222.00,-0.95,0.00,-0.97,-0.11,0.00,-0.24
4020.00,10100.00,219.00,0.53,0.00,-1.14,-0.21,0.00,0.96
4020.00,10100.00,220.00,3.24,0.00,-1.56,-0.13,0.00,-1.50
4020.00,10100.00,221.00,3.93,0.00,-4.73,0.16,0.00,1.30
4020.00,10100.00,222.00,-0.99,0.00,-1.06,-0.09,0.00,-0.24
4020.00,10100.00,223.00,1.50,0.00,4.04,-0.15,0.00,-0.96
4030.00,10100.00,219.00,0.51,0.00,-0.74,-0.09,0.00,0.92
4030.00,10100.00,220.00,3.13,0.00,-2.18,-0.13,0.00,-1.55
4030.00,10100.00,221.00,3.93,0.00,-4.25,-0.02,0.00,1.34
4030.00,10100.00,222.00,-1.02,0.00,-1.16,-0.03,0.00,-0.17
4030.00,10100.00,223.00,1.44,0.00,3.65,0.20,0.00,-1.08
4030.00,10100.00,224.00,0.51,0.00,4.14,0.13,0.00,-1.03
4030.00,10100.00,219.00,0.46,0.00,-0.41,-0.26,0.00,0.82
4030.00,10100.00,220.00,3.14,0.00,-2.81,0.03,0.00,-1.50
4030.00,10100.00,221.00,3.91,0.00,-3.66,-0.02,0.00,1.39
4030.00,10100.00,222.00,-1.02,0.00,-1.20,-0.05,0.00,-0.04
4030.00,10100.00,223.00,1.65,0.00,3.17,0.26,0.00,-1.14
4030.00,10100.00,224.00,0.56,0.00,3.73,0.28,0.00,-0.98
4030.00,10100.00,225.00,3.92,0.00,-6.47,-0.78,0.00,1.24
4030.00,10100.00,226.00,1.63,0.00,-9.90,0.25,0.00,1.09
4040.00,10100.00,219.00,0.30,0.00,-0.08,-0.36,0.00,0.81
4040.00,10100.00,220.00,3.16,0.00,-3.38,0.13,0.00,-1.44
4040.00,10100.00,221.00,3.92,0.00,-3.13,0.11,0.00,1.23
4040.00,10100.00,222.00,-1.06,0.00,-1.20,-0.10,0.00,0.04
4040.00,10100.00,223.00,1.65,0.00,2.74,-0.04,0.00,-1.13
4040.00,10100.00,224.00,0.73,0.00,3.36,0.23,0.00,-0.99
4040.00,10100.00,225.00,3.61,0.00,-5.98,-0.94,0.00,1.19
4040.00,10100.00,226.00,1.73,0.00,-9.46,0.09,0.00,1.20
4040.00,10100.00,219.00,0.17,0.00,0.24,-0.14,0.00,0.85
4040.00,10100.00,220.00,3.24,0.00,-3.96,0.42,0.00,-1.35
4040.00,10100.00,221.00,4.00,0.00,-2.68,0.09,0.00,1.35
4040.00,10100.00,222.00,-1.10,0.00,-1.17,-0.07,0.00,0.06
4040.00,10100.00,223.00,1.62,0.00,2.27,0.01,0.00,-1.14
4040.00,10100.00,224.00,0.74,0.00,2.94,0.01,0.00,-1.08
4040.00,10100.00,225.00,3.17,0.00,-5.52,-0.92,0.00,1.22
4040.00,10100.00,226.00,1.71,0.00,-8.94,-0.05,0.00,1.26
4040.00,10100.00,219.00,0.19,0.00,0.60,0.03,0.00,1.00
4040.00,10100.00,220.00,3.50,0.00,-4.46,0.39,0.00,-1.46
4040.00,10100.00,221.00,4.00,0.00,-2.05,0.03,0.00,1.36
4040.00,10100.00,222.00,-1.12,0.00,-1.15,-0.02,0.00,0.05
4040.00,10100.00,223.00,1.65,0.00,1.83,0.13,0.00,-1.09
4040.00,10100.00,224.00,0.73,0.00,2.50,0.25,0.00,-1.07
4040.00,10100.00,225.00,2.87,0.00,-5.00,-0.70,0.00,1.38
4040.00,10100.00,226.00,1.70,0.00,-8.45,-0.10,0.00,1.21
4040.00,10100.00,227.00,1.73,0.00,3.81,0.20,0.00,-1.37
4050.00,10100.00,219.00,0.19,0.00,1.04,-0.13,0.00,1.00
4050.00,10100.00,220.00,3.55,0.00,-5.13,0.14,0.00,-1.58
4050.00,10100.00,221.00,4.02,0.00,-1.59,0.07,0.00,1.30
4050.00,10100.00,222.00,-1.11,0.00,-1.13,-0.02,0.00,0.05
4050.00,10100.00,223.00,1.72,0.00,1.40,-0.03,0.00,-1.04
4050.00,10100.00,224.00,0.94,0.00,2.09,0.27,0.00,-1.07
4050.00,10100.00,225.00,2.61,0.00,-4.42,-0.62,0.00,1.50
4050.00,10100.00,226.00,1.63,0.00,-7.97,-0.26,0.00,1.27
4050.00,10100.00,227.00,1.81,0.00,3.27,0.14,0.00,-1.31
4050.00,10100.00,219.00,0.08,0.00,1.40,-0.16,0.00,0.93
4050.00,10100.00,220.00,3.61,0.00,-5.72,0.03,0.00,-1.57
4050.00,10100.00,221.00,4.05,0.00,-1.01,0.05,0.00,1.38
4050.00,10100.00,222.00,-1.13,0.00,-1.11,-0.05,0.00,0.06
4050.00,10100.00,223.00,1.62,0.00,1.00,-0.06,0.00,-1.13
4050.00,10100.00,224.00,0.95,0.00,1.64,-0.05,0.00,-1.24
4050.00,10100.00,225.00,2.37,0.00,-3.80,-0.25,0.00,1.61
4050.00,10100.00,226.00,1.49,0.00,-7.44,-0.23,0.00,1.32
4050.00,10100.00,227.00,1.83,0.00,2.77,0.30,0.00,-1.26
4060.00,10100.00,219.00,0.06,0.00,1.79,0.15,0.00,0.93
4060.00,10100.00,220.00,3.57,0.00,-6.39,-0.28,0.00,-1.57
4060.00,10100.00,221.00,4.06,0.00,-0.49,0.02,0.00,1.31
4060.00,10100.00,222.00,-1.15,0.00,-1.08,-0.02,0.00,0.03
4060.00,10100.00,223.00,1.67,0.00,0.49,0.07,0.00,-1.23
4060.00,10100.00,224.00,0.90,0.00,1.09,0.12,0.00,-1.19
4060.00,10100.00,225.00,2.41,0.00,-3.14,0.06,0.00,1.50
4060.00,10100.00,226.00,1.45,0.00,-6.91,-0.12,0.00,1.29
4060.00,10100.00,227.00,2.05,0.00,2.26,0.32,0.00,-1.24
4060.00,10200.00,219.00,0.20,0.00,2.15,0.26,0.00,0.84
4060.00,10200.00,220.00,3.38,0.00,-6.98,-0.33,0.00,-1.50
4060.00,10200.00,221.00,4.07,0.00,0.03,0.00,0.00,1.28
4060.00,10200.00,222.00,-1.15,0.00,-1.08,0.00,0.00,0.00
4060.00,10200.00,223.00,1.68,0.00,0.02,-0.09,0.00,-1.23
4060.00,10200.00,224.00,1.05,0.00,0.69,0.22,0.00,-1.06
4060.00,10200.00,225.00,2.42,0.00,-2.60,0.03,0.00,1.43
4060.00,10200.00,226.00,1.40,0.00,-6.41,-0.19,0.00,1.25
4060.00,10200.00,227.00,2.09,0.00,1.77,-0.05,0.00,-1.25
4060.00,10200.00,219.00,0.28,0.00,2.46,0.07,0.00,0.79
4060.00,10200.00,220.00,3.31,0.00,-7.58,-0.34,0.00,-1.41
4060.00,10200.00,221.00,4.06,0.00,0.54,-0.06,0.00,1.29
4060.00,10200.00,222.00,-1.15,0.00,-1.08,0.00,0.00,0.00
4060.00,10200.00,223.00,1.60,0.00,-0.49,-0.07,0.00,-1.21
4060.00,10200.00,224.00,1.08,0.00,0.24,-0.09,0.00,-1.26
4060.00,10200.00,225.00,2.44,0.00,-1.99,0.31,0.00,1.49
4060.00,10200.00,226.00,1.30,0.00,-5.92,-0.16,0.00,1.24
4060.00,10200.00,227.00,2.01,0.00,1.25,-0.07,0.00,-1.27
4070.00,10200.00,219.00,0.26,0.00,2.78,-0.05,0.00,0.79
4070.00,10200.00,220.00,3.10,0.00,-8.10,-0.51,0.00,-1.45
4070.00,10200.00,221.00,4.02,0.00,1.07,-0.24,0.00,1.35
4070.00,10200.00,222.00,-1.15,0.00,-1.08,0.00,0.00,0.00
4070.00,10200.00,223.00,1.63,0.00,-0.95,0.08,0.00,-1.16
4070.00,10200.00,224.00,0.97,0.00,-0.32,0.02,0.00,-1.25
4070.00,10200.00,225.00,2.67,0.00,-1.41,0.38,0.00,1.48
4070.00,10200.00,226.00,1.27,0.00,-5.41,-0.12,0.00,1.22
4070.00,10200.00,227.00,2.04,0.00,0.76,-0.09,0.00,-1.15
4070.00,10200.00,219.00,0.24,0.00,3.09,-0.05,0.00,0.76
4070.00,10200.00,220.00,2.91,0.00,-8.75,-0.37,0.00,-1.49
4070.00,10200.00,221.00,3.87,0.00,1.61,-0.17,0.00,1.41
4070.00,10200.00,222.00,-1.15,0.00,-1.08,0.00,0.00,0.00
4070.00,10200.00,223.00,1.66,0.00,-1.41,0.03,0.00,-1.20
4070.00,10200.00,224.00,1.10,0.00,-0.76,0.29,0.00,-1.09
4070.00,10200.00,225.00,2.74,0.00,-0.81,0.13,0.00,1.53
4070.00,10200.00,226.00,1.20,0.00,-4.94,-0.19,0.00,1.17
4070.00,10200.00,227.00,1.94,0.00,0.33,-0.24,0.00,-1.03
4080.00,10200.00,220.00,2.80,0.00,-9.30,-0.26,0.00,-1.38
4080.00,10200.00,221.00,3.88,0.00,2.19,-0.13,0.00,1.23
4080.00,10200.00,222.00,-1.15,0.00,-1.08,0.00,0.00,0.00
4080.00,10200.00,223.00,1.65,0.00,-1.91,0.09,0.00,-1.23
4080.00,10200.00,224.00,1.20,0.00,-1.19,0.04,0.00,-1.36
4080.00,10200.00,225.00,2.77,0.00,-0.18,0.02,0.00,1.62
4080.00,10200.00,226.00,1.11,0.00,-4.47,-0.12,0.00,1.19
4080.00,10200.00,227.00,1.84,0.00,-0.07,0.03,0.00,-1.12
4080.00,10200.00,221.00,3.76,0.00,2.60,-0.30,0.00,1.02
4080.00,10200.00,222.00,-1.15,0.00,-1.08,0.00,0.00,-0.03
4080.00,10200.00,223.00,1.73,0.00,-2.40,0.24,0.00,-1.12
4080.00,10200.00,224.00,1.13,0.00,-1.84,0.00,0.00,-1.33
4080.00,10200.00,225.00,2.75,0.00,0.49,-0.28,0.00,1.59
4080.00,10200.00,226.00,1.10,0.00,-3.99,-0.19,0.00,1.18
4080.00,10200.00,227.00,1.96,0.00,-0.56,0.21,0.00,-1.24
4080.00,10200.00,222.00,-1.15,0.00,-1.10,-0.08,0.00,-0.14
4080.00,10200.00,223.00,1.84,0.00,-2.81,0.19,0.00,-1.09
4080.00,10200.00,224.00,1.20,0.00,-2.25,0.36,0.00,-1.02
4080.00,10200.00,225.00,2.55,0.00,1.09,-0.24,0.00,1.49
4080.00,10200.00,226.00,0.96,0.00,-3.53,-0.34,0.00,1.12
4080.00,10200.00,227.00,2.01,0.00,-1.06,0.09,0.00,-1.28
4090.00,10200.00,222.00,-1.22,0.00,-1.20,-0.24,0.00,-0.28
4090.00,10200.00,223.00,1.89,0.00,-3.27,0.12,0.00,-1.13
4090.00,10200.00,224.00,1.42,0.00,-2.66,0.27,0.00,-1.08
4090.00,10200.00,225.00,2.56,0.00,1.68,-0.13,0.00,1.47
4090.00,10200.00,226.00,0.83,0.00,-3.09,-0.27,0.00,1.16
4090.00,10200.00,227.00,2.04,0.00,-1.58,0.23,0.00,-1.24
4090.00,10200.00,222.00,-1.34,0.00,-1.32,-0.16,0.00,-0.16
4090.00,10200.00,223.00,1.94,0.00,-3.72,0.17,0.00,-1.16
4090.00,10200.00,224.00,1.41,0.00,-3.12,-0.02,0.00,-1.15
4090.00,10200.00,225.00,2.45,0.00,2.27,-0.35,0.00,1.49
4090.00,10200.00,226.00,0.75,0.00,-2.60,-0.22,0.00,1.18
4090.00,10200.00,227.00,2.19,0.00,-2.06,0.26,0.00,-1.12
4100.00,10200.00,222.00,-1.34,0.00,-1.32,-0.48,0.00,-0.20
4100.00,10200.00,223.00,2.02,0.00,-4.20,0.09,0.00,-1.25
4100.00,10200.00,224.00,1.41,0.00,-3.58,0.19,0.00,-1.20
4100.00,10200.00,225.00,2.28,0.00,2.87,-0.42,0.00,1.50
4100.00,10200.00,226.00,0.66,0.00,-2.15,-0.10,0.00,1.12
4100.00,10200.00,227.00,2.24,0.00,-2.48,-0.01,0.00,-1.09
4100.00,10300.00,222.00,-1.73,0.00,-1.48,-0.53,0.00,-0.09
4100.00,10300.00,223.00,2.01,0.00,-4.72,-0.10,0.00,-1.39
4100.00,10300.00,224.00,1.57,0.00,-4.08,0.00,0.00,-1.25
4100.00,10300.00,226.00,0.67,0.00,-1.70,0.11,0.00,1.14
4100.00,10300.00,227.00,2.18,0.00,-2.93,-0.08,0.00,-1.06
4100.00,10300.00,222.00,-1.76,0.00,-1.39,-0.09,0.00,0.22
4100.00,10300.00,223.00,1.94,0.00,-5.31,-0.14,0.00,-1.33
4100.00,10300.00,224.00,1.41,0.00,-4.58,-0.42,0.00,-1.29
4100.00,10300.00,226.00,0.75,0.00,-1.23,0.19,0.00,1.26
4100.00,10300.00,227.00,2.18,0.00,-3.33,-0.04,0.00,-1.09
4100.00,10300.00,230.00,0.92,0.00,-9.70,-0.44,0.00,1.39
4100.00,10300.00,231.00,2.76,0.00,-9.47,0.27,0.00,0.83
4100.00,10300.00,232.00,3.51,0.00,-9.96,-0.21,0.00,1.14
4100.00,10300.00,233.00,-1.11,0.00,-6.76,0.00,0.00,0.00
4110.00,10300.00,223.00,1.90,0.00,-5.79,-0.11,0.00,-1.24
4110.00,10300.00,224.00,1.23,0.00,-5.11,-0.04,0.00,-1.20
4110.00,10300.00,226.00,0.82,0.00,-0.70,0.28,0.00,1.17
4110.00,10300.00,227.00,2.15,0.00,-3.80,-0.18,0.00,-1.20
4110.00,10300.00,230.00,0.74,0.00,-9.15,-0.37,0.00,1.39
4110.00,10300.00,231.00,2.87,0.00,-9.14,0.21,0.00,0.91
4110.00,10300.00,232.00,3.42,0.00,-9.51,-0.08,0.00,1.04
4110.00,10300.00,233.00,-1.11,0.00,-6.76,0.00,0.00,0.00
4110.00,10300.00,223.00,1.85,0.00,-6.30,0.02,0.00,-1.30
4110.00,10300.00,224.00,1.37,0.00,-5.54,0.17,0.00,-1.12
4110.00,10300.00,226.00,0.97,0.00,-0.30,0.40,0.00,1.22
4110.00,10300.00,227.00,2.04,0.00,-4.29,-0.25,0.00,-1.12
4110.00,10300.00,230.00,0.62,0.00,-8.59,-0.21,0.00,1.41
4110.00,10300.00,231.00,2.92,0.00,-8.75,0.10,0.00,1.08
4110.00,10300.00,232.00,3.44,0.00,-9.13,0.16,0.00,0.95
4110.00,10300.00,233.00,-1.11,0.00,-6.76,0.00,0.00,0.00
4120.00,10300.00,223.00,1.91,0.00,-6.83,0.09,0.00,-1.23
4120.00,10300.00,224.00,1.37,0.00,-6.00,-0.26,0.00,-1.28
4120.00,10300.00,226.00,1.14,0.00,0.28,0.36,0.00,1.35
4120.00,10300.00,227.00,1.96,0.00,-4.70,-0.09,0.00,-1.16
4120.00,10300.00,230.00,0.57,0.00,-8.02,-0.23,0.00,1.46
4120.00,10300.00,231.00,2.95,0.00,-8.27,0.17,0.00,1.08
4120.00,10300.00,232.00,3.55,0.00,-8.74,0.14,0.00,1.03
4120.00,10300.00,233.00,-1.11,0.00,-6.76,0.02,0.00,0.00
4120.00,10300.00,223.00,1.93,0.00,-7.29,-0.09,0.00,-1.17
4120.00,10300.00,224.00,1.17,0.00,-6.57,-0.21,0.00,-1.32
4120.00,10300.00,226.00,1.26,0.00,0.78,0.42,0.00,1.23
4120.00,10300.00,227.00,1.97,0.00,-5.21,-0.09,0.00,-1.19
4120.00,10300.00,230.00,0.44,0.00,-7.42,-0.21,0.00,1.41
4120.00,10300.00,231.00,3.06,0.00,-7.88,0.21,0.00,0.98
4120.00,10300.00,232.00,3.56,0.00,-8.31,0.01,0.00,1.08
4120.00,10300.00,233.00,-1.09,0.00,-6.76,0.02,0.00,0.00
4120.00,10300.00,223.00,1.84,0.00,-7.76,-0.11,0.00,-1.19
4120.00,10300.00,224.00,1.19,0.00,-7.05,0.17,0.00,-1.17
4120.00,10300.00,226.00,1.47,0.00,1.26,0.42,0.00,1.20
4120.00,10300.00,227.00,1.89,0.00,-5.65,-0.27,0.00,-1.12
4120.00,10300.00,230.00,0.41,0.00,-6.89,-0.04,0.00,1.40
4120.00,10300.00,231.00,3.12,0.00,-7.49,0.05,0.00,0.98
4120.00,10300.00,232.00,3.56,0.00,-7.88,0.10,0.00,1.07
4120.00,10300.00,233.00,-1.09,0.00,-6.76,0.00,0.00,0.00
4130.00,10300.00,223.00,1.84,0.00,-8.24,0.02,0.00,-1.25
4130.00,10300.00,224.00,1.30,0.00,-7.50,-0.07,0.00,-1.23
4130.00,10300.00,226.00,1.59,0.00,1.74,0.30,0.00,1.19
4130.00,10300.00,227.00,1.75,0.00,-6.11,-0.13,0.00,-1.09
4130.00,10300.00,230.00,0.41,0.00,-6.31,-0.08,0.00,1.50
4130.00,10300.00,231.00,3.10,0.00,-7.10,0.03,0.00,0.94
4130.00,10300.00,232.00,3.64,0.00,-7.45,0.03,0.00,1.01
4130.00,10300.00,233.00,-1.09,0.00,-6.76,0.00,0.00,0.00
4130.00,10300.00,223.00,1.86,0.00,-8.77,-0.09,0.00,-1.22
4130.00,10300.00,224.00,1.14,0.00,-8.04,-0.21,0.00,-1.22
4130.00,10300.00,227.00,1.78,0.00,-6.52,0.03,0.00,-1.10
4130.00,10300.00,230.00,0.35,0.00,-5.69,0.04,0.00,1.59
4130.00,10300.00,231.00,3.14,0.00,-6.74,0.07,0.00,0.91
4130.00,10300.00,232.00,3.59,0.00,-7.07,0.02,0.00,1.13
4130.00,10300.00,233.00,-1.09,0.00,-6.76,0.00,0.00,0.00
4140.00,10300.00,223.00,1.76,0.00,-9.22,-0.25,0.00,-1.14
4140.00,10300.00,224.00,1.13,0.00,-8.48,-0.01,0.00,-1.11
4140.00,10300.00,227.00,1.78,0.00,-7.00,-0.19,0.00,-1.26
4140.00,10300.00,230.00,0.44,0.00,-5.03,0.23,0.00,1.50
4140.00,10300.00,231.00,3.16,0.00,-6.37,-0.06,0.00,1.04
4140.00,10300.00,232.00,3.65,0.00,-6.55,0.06,0.00,1.08
4140.00,10300.00,233.00,-1.09,0.00,-6.76,0.00,0.00,0.00
4140.00,10400.00,227.00,1.63,0.00,-7.53,-0.16,0.00,-1.29
4140.00,10400.00,230.00,0.53,0.00,-4.49,0.16,0.00,1.48
4140.00,10400.00,231.00,3.09,0.00,-5.91,-0.13,0.00,1.02
4140.00,10400.00,232.00,3.63,0.00,-6.21,0.08,0.00,1.02
4140.00,10400.00,233.00,-1.09,0.00,-6.76,0.00,0.00,0.00
4140.00,10400.00,227.00,1.64,0.00,-8.03,0.06,0.00,-1.36
4140.00,10400.00,230.00,0.56,0.00,-3.85,0.27,0.00,1.46
4140.00,10400.00,231.00,3.06,0.00,-5.55,0.00,0.00,0.91
4140.00,10400.00,232.00,3.71,0.00,-5.73,-0.01,0.00,1.13
4140.00,10400.00,233.00,-1.09,0.00,-6.76,0.00,0.00,0.00
4150.00,10400.00,227.00,1.69,0.00,-8.61,0.11,0.00,-1.46
4150.00,10400.00,230.00,0.75,0.00,-3.33,0.29,0.00,1.38
4150.00,10400.00,231.00,3.10,0.00,-5.18,-0.02,0.00,0.96
4150.00,10400.00,232.00,3.63,0.00,-5.31,-0.11,0.00,0.92
4150.00,10400.00,233.00,-1.09,0.00,-6.76,0.00,0.00,0.00
4150.00,10400.00,234.00,2.62,0.00,2.32,-0.25,0.00,-2.02
4150.00,10400.00,235.00,4.01,0.00,-9.26,0.05,0.00,0.98
4150.00,10400.00,236.00,3.41,0.00,-9.41,-0.09,0.00,0.84
4150.00,10400.00,230.00,0.80,0.00,-2.75,0.13,0.00,1.39
4150.00,10400.00,231.00,3.05,0.00,-4.78,-0.15,0.00,0.95
4150.00,10400.00,232.00,3.63,0.00,-5.00,0.00,0.00,0.83
4150.00,10400.00,233.00,-1.09,0.00,-6.76,0.00,0.00,0.00
4150.00,10400.00,234.00,2.52,0.00,1.51,-0.31,0.00,-1.96
4150.00,10400.00,235.00,4.03,0.00,-8.87,0.05,0.00,0.93
4150.00,10400.00,236.00,3.38,0.00,-9.07,-0.11,0.00,0.85
4160.00,10400.00,230.00,0.85,0.00,-2.21,0.19,0.00,1.36
4160.00,10400.00,231.00,2.98,0.00,-4.42,0.05,0.00,0.91
4160.00,10400.00,232.00,3.63,0.00,-4.65,0.02,0.00,0.88
4160.00,10400.00,233.00,-1.09,0.00,-6.76,0.00,0.00,0.00
4160.00,10400.00,234.00,2.37,0.00,0.74,-0.34,0.00,-2.02
4160.00,10400.00,235.00,4.05,0.00,-8.52,-0.09,0.00,0.89
4160.00,10400.00,236.00,3.32,0.00,-8.73,-0.02,0.00,0.86
4160.00,10400.00,230.00,0.95,0.00,-1.66,0.13,0.00,1.41
4160.00,10400.00,231.00,3.09,0.00,-4.06,0.09,0.00,0.88
4160.00,10400.00,232.00,3.65,0.00,-4.29,-0.06,0.00,0.89
4160.00,10400.00,233.00,-1.09,0.00,-6.76,0.00,0.00,0.00
4160.00,10400.00,234.00,2.25,0.00,-0.11,-0.44,0.00,-2.18
4160.00,10400.00,235.00,3.96,0.00,-8.16,-0.16,0.00,0.84
4160.00,10400.00,236.00,3.36,0.00,-8.38,0.02,0.00,0.86
4160.00,10400.00,230.00,0.95,0.00,-1.08,0.10,0.00,1.39
4160.00,10400.00,231.00,3.05,0.00,-3.72,-0.11,0.00,0.90
4160.00,10400.00,232.00,3.58,0.00,-3.94,-0.23,0.00,0.81
4160.00,10400.00,233.00,-1.09,0.00,-6.76,0.00,0.00,0.00
4160.00,10400.00,234.00,2.01,0.00,-1.00,-0.40,0.00,-2.25
4160.00,10400.00,235.00,3.92,0.00,-7.84,0.04,0.00,0.81
4160.00,10400.00,236.00,3.34,0.00,-8.04,-0.13,0.00,0.95
4170.00,10400.00,230.00,1.03,0.00,-0.55,0.24,0.00,1.34
4170.00,10400.00,231.00,3.00,0.00,-3.34,0.02,0.00,0.86
4170.00,10400.00,232.00,3.47,0.00,-3.65,-0.07,0.00,0.79
4170.00,10400.00,233.00,-1.09,0.00,-6.76,0.00,0.00,0.00
4170.00,10400.00,234.00,1.93,0.00,-1.91,-0.35,0.00,-2.14
4170.00,10400.00,235.00,3.99,0.00,-7.52,0.02,0.00,0.83
4170.00,10400.00,236.00,3.26,0.00,-7.62,-0.13,0.00,0.95
4170.00,10400.00,237.00,2.71,0.00,-9.67,-0.35,0.00,2.01
4170.00,10400.00,230.00,1.14,0.00,0.00,0.20,0.00,1.42
4170.00,10400.00,231.00,3.07,0.00,-3.03,0.20,0.00,0.79
4170.00,10400.00,232.00,3.52,0.00,-3.30,0.23,0.00,0.90
4170.00,10400.00,233.00,-1.09,0.00,-6.76,0.00,0.00,0.00
4170.00,10400.00,234.00,1.73,0.00,-2.72,-0.33,0.00,-2.15
4170.00,10400.00,235.00,3.94,0.00,-7.18,-0.16,0.00,0.82
4170.00,10400.00,236.00,3.24,0.00,-7.28,0.05,0.00,0.98
4170.00,10400.00,237.00,2.57,0.00,-8.87,-0.19,0.00,1.97
4180.00,10400.00,230.00,1.19,0.00,0.59,0.27,0.00,1.41
4180.00,10400.00,231.00,3.16,0.00,-2.71,0.09,0.00,0.90
4180.00,10400.00,232.00,3.65,0.00,-2.93,0.16,0.00,0.96
4180.00,10400.00,233.00,-1.09,0.00,-6.76,0.00,0.00,0.00
4180.00,10400.00,234.00,1.66,0.00,-3.63,-0.18,0.00,-2.35
4180.00,10400.00,235.00,3.87,0.00,-6.86,0.03,0.00,0.90
4180.00,10400.00,236.00,3.30,0.00,-6.83,-0.04,0.00,0.94
4180.00,10400.00,237.00,2.56,0.00,-8.09,-0.12,0.00,1.92
4180.00,10400.00,238.00,0.67,0.00,4.27,0.00,0.00,0.05
4180.00,10400.00,239.00,1.13,0.00,4.18,-0.04,0.00,0.06
4180.00,10500.00,230.00,1.35,0.00,1.12,0.33,0.00,1.34
4180.00,10500.00,231.00,3.14,0.00,-2.32,-0.04,0.00,0.94
4180.00,10500.00,232.00,3.65,0.00,-2.54,0.01,0.00,0.95
4180.00,10500.00,233.00,-1.09,0.00,-6.76,0.00,0.00,0.00
4180.00,10500.00,234.00,1.59,0.00,-4.60,-0.22,0.00,-2.30
4180.00,10500.00,235.00,3.96,0.00,-6.46,0.03,0.00,0.90
4180.00,10500.00,236.00,3.21,0.00,-6.53,-0.20,0.00,0.95
4180.00,10500.00,237.00,2.47,0.00,-7.33,-0.26,0.00,1.93
4180.00,10500.00,238.00,0.67,0.00,4.29,-0.02,0.00,0.03
4180.00,10500.00,239.00,1.11,0.00,4.21,0.00,0.00,0.00
4180.00,10500.00,230.00,1.46,0.00,1.66,0.19,0.00,1.36
4180.00,10500.00,231.00,3.13,0.00,-1.96,0.05,0.00,0.95
4180.00,10500.00,232.00,3.65,0.00,-2.17,0.01,0.00,0.95
4180.00,10500.00,233.00,-1.09,0.00,-6.76,0.00,0.00,0.00
4180.00,10500.00,234.00,1.49,0.00,-5.47,-0.19,0.00,-2.21
4180.00,10500.00,235.00,3.89,0.00,-6.14,-0.20,0.00,0.85
4180.00,10500.00,236.00,3.14,0.00,-6.07,0.01,0.00,1.03
4180.00,10500.00,237.00,2.35,0.00,-6.54,-0.17,0.00,2.00
4180.00,10500.00,238.00,0.65,0.00,4.30,-0.02,0.00,0.00
4180.00,10500.00,239.00,1.13,0.00,4.18,-0.02,0.00,0.00
4190.00,10500.00,230.00,1.51,0.00,2.21,0.26,0.00,1.32
4190.00,10500.00,231.00,3.18,0.00,-1.56,0.01,0.00,0.93
4190.00,10500.00,232.00,3.66,0.00,-1.78,0.03,0.00,1.04
4190.00,10500.00,233.00,-1.09,0.00,-6.76,0.02,0.00,0.00
4190.00,10500.00,234.00,1.44,0.00,-6.37,-0.17,0.00,-2.22
4190.00,10500.00,235.00,3.80,0.00,-5.78,-0.08,0.00,0.96
4190.00,10500.00,236.00,3.21,0.00,-5.71,0.05,0.00,1.00
4190.00,10500.00,237.00,2.34,0.00,-5.73,-0.19,0.00,2.05
4190.00,10500.00,238.00,0.65,0.00,4.30,0.00,0.00,0.00
4190.00,10500.00,239.00,1.10,0.00,4.21,-0.05,0.00,0.01
4190.00,10500.00,230.00,1.66,0.00,2.72,0.28,0.00,1.31
4190.00,10500.00,231.00,3.13,0.00,-1.22,-0.20,0.00,0.89
4190.00,10500.00,232.00,3.68,0.00,-1.33,-0.01,0.00,1.05
4190.00,10500.00,233.00,-1.07,0.00,-6.76,0.02,0.00,0.00
4190.00,10500.00,234.00,1.35,0.00,-7.25,-0.01,0.00,-2.24
4190.00,10500.00,235.00,3.82,0.00,-5.37,0.04,0.00,1.10
4190.00,10500.00,236.00,3.18,0.00,-5.27,-0.15,0.00,1.02
4190.00,10500.00,237.00,2.20,0.00,-4.90,-0.28,0.00,2.09
4190.00,10500.00,238.00,0.65,0.00,4.30,0.05,0.00,-0.01
4190.00,10500.00,239.00,1.09,0.00,4.19,-0.02,0.00,-0.02
4200.00,10500.00,230.00,1.73,0.00,3.26,0.12,0.00,1.36
4200.00,10500.00,231.00,3.02,0.00,-0.85,-0.11,0.00,0.90
4200.00,10500.00,232.00,3.65,0.00,-0.94,-0.04,0.00,0.93
4200.00,10500.00,233.00,-1.07,0.00,-6.76,0.00,0.00,0.00
4200.00,10500.00,234.00,1.43,0.00,-8.16,0.20,0.00,-2.28
4200.00,10500.00,235.00,3.83,0.00,-4.90,-0.07,0.00,1.11
4200.00,10500.00,236.00,3.10,0.00,-4.89,-0.09,0.00,0.92
4200.00,10500.00,237.00,2.12,0.00,-4.06,-0.19,0.00,2.03
4200.00,10500.00,238.00,0.68,0.00,4.29,0.07,0.00,-0.01
4200.00,10500.00,239.00,1.08,0.00,4.19,0.00,0.00,0.00
4200.00,10500.00,230.00,1.76,0.00,3.81,0.08,0.00,1.37
4200.00,10500.00,231.00,3.04,0.00,-0.50,0.05,0.00,0.92
4200.00,10500.00,232.00,3.65,0.00,-0.59,-0.01,0.00,1.07
4200.00,10500.00,233.00,-1.07,0.00,-6.76,-0.05,0.00,0.03
4200.00,10500.00,235.00,3.76,0.00,-4.48,-0.01,0.00,1.03
4200.00,10500.00,236.00,3.11,0.00,-4.53,0.05,0.00,0.91
4200.00,10500.00,237.00,2.05,0.00,-3.27,-0.24,0.00,1.94
4200.00,10500.00,238.00,0.70,0.00,4.28,0.02,0.00,-0.03
4200.00,10500.00,239.00,1.09,0.00,4.19,0.09,0.00,0.01
4200.00,10500.00,231.00,3.06,0.00,-0.11,-0.06,0.00,1.04
4200.00,10500.00,232.00,3.64,0.00,-0.08,-0.12,0.00,1.04
4200.00,10500.00,233.00,-1.11,0.00,-6.74,-0.17,0.00,0.09
4200.00,10500.00,235.00,3.82,0.00,-4.08,0.09,0.00,0.94
4200.00,10500.00,236.00,3.13,0.00,-4.16,-0.06,0.00,0.97
4200.00,10500.00,237.00,1.93,0.00,-2.50,-0.15,0.00,1.91
4200.00,10500.00,238.00,0.70,0.00,4.27,-0.02,0.00,0.00
4200.00,10500.00,239.00,1.15,0.00,4.20,0.02,0.00,0.02
4210.00,10500.00,231.00,3.00,0.00,0.33,-0.12,0.00,1.12
4210.00,10500.00,232.00,3.55,0.00,0.25,-0.20,0.00,0.91
4210.00,10500.00,233.00,-1.21,0.00,-6.69,-0.24,0.00,0.12
4210.00,10500.00,235.00,3.84,0.00,-3.73,-0.02,0.00,0.91
4210.00,10500.00,236.00,3.07,0.00,-3.76,-0.15,0.00,0.98
4210.00,10500.00,237.00,1.94,0.00,-1.75,-0.08,0.00,1.85
4210.00,10500.00,238.00,0.68,0.00,4.29,-0.02,0.00,0.03
4210.00,10500.00,239.00,1.11,0.00,4.21,-0.07,0.00,-0.01
4210.00,10500.00,240.00,3.04,0.00,-8.95,0.12,0.00,1.43
4210.00,10500.00,231.00,2.97,0.00,0.79,0.01,0.00,1.05
4210.00,10500.00,232.00,3.48,0.00,0.65,0.03,0.00,1.02
4210.00,10500.00,235.00,3.80,0.00,-3.35,-0.02,0.00,0.93
4210.00,10500.00,236.00,3.01,0.00,-3.38,0.01,0.00,0.96
4210.00,10500.00,237.00,1.86,0.00,-1.02,-0.15,0.00,1.96
4210.00,10500.00,238.00,0.68,0.00,4.29,0.00,0.00,0.00
4210.00,10500.00,239.00,1.09,0.00,4.19,-0.05,0.00,-0.02
4210.00,10500.00,240.00,3.09,0.00,-8.38,0.06,0.00,1.46
4220.00,10500.00,231.00,3.01,0.00,1.17,0.05,0.00,0.97
4220.00,10500.00,232.00,3.58,0.00,1.06,0.12,0.00,0.93
4220.00,10500.00,235.00,3.82,0.00,-2.99,0.03,0.00,0.92
4220.00,10500.00,236.00,3.07,0.00,-3.00,0.05,0.00,0.93
4220.00,10500.00,237.00,1.82,0.00,-0.18,0.00,0.00,2.08
4220.00,10500.00,238.00,0.68,0.00,4.29,-0.07,0.00,-0.01
4220.00,10500.00,239.00,1.08,0.00,4.19,-0.15,0.00,-0.07
4220.00,10500.00,240.00,3.08,0.00,-7.79,-0.08,0.00,1.51
4220.00,10600.00,231.00,3.01,0.00,1.56,-0.02,0.00,0.96
4220.00,10600.00,232.00,3.58,0.00,1.39,-0.22,0.00,0.89
4220.00,10600.00,235.00,3.82,0.00,-2.62,-0.04,0.00,0.96
4220.00,10600.00,236.00,3.05,0.00,-2.64,-0.17,0.00,0.98
4220.00,10600.00,237.00,1.86,0.00,0.64,-0.05,0.00,1.99
4220.00,10600.00,238.00,0.63,0.00,4.28,-0.14,0.00,-0.02
4220.00,10600.00,239.00,0.98,0.00,4.13,-0.24,0.00,-0.15
4220.00,10600.00,240.00,3.03,0.00,-7.17,-0.01,0.00,1.53
4220.00,10600.00,231.00,2.99,0.00,1.94,0.10,0.00,0.94
4220.00,10600.00,232.00,3.40,0.00,1.77,-0.19,0.00,0.96
4220.00,10600.00,235.00,3.79,0.00,-2.22,-0.10,0.00,0.96
4220.00,10600.00,236.00,2.93,0.00,-2.21,-0.06,0.00,1.01
4220.00,10600.00,237.00,1.78,0.00,1.41,0.03,0.00,1.80
4220.00,10600.00,240.00,3.08,0.00,-6.56,-0.10,0.00,1.56
4230.00,10600.00,231.00,3.09,0.00,2.31,0.12,0.00,0.88
4230.00,10600.00,232.00,3.42,0.00,2.16,0.18,0.00,0.92
4230.00,10600.00,235.00,3.74,0.00,-1.85,-0.06,0.00,1.01
4230.00,10600.00,236.00,3.01,0.00,-1.83,0.19,0.00,0.93
4230.00,10600.00,237.00,1.89,0.00,2.08,0.14,0.00,1.71
4230.00,10600.00,240.00,2.95,0.00,-5.92,-0.18,0.00,1.62
4230.00,10600.00,241.00,0.94,0.00,4.16,-0.23,0.00,0.19
4230.00,10600.00,243.00,2.73,0.00,-9.63,0.01,0.00,1.84
4230.00,10600.00,231.00,3.09,0.00,2.64,0.54,0.00,0.78
4230.00,10600.00,232.00,3.55,0.00,2.50,-0.53,0.00,1.04
4230.00,10600.00,235.00,3.75,0.00,-1.42,-0.08,0.00,0.99
4230.00,10600.00,236.00,3.08,0.00,-1.46,0.01,0.00,0.93
4230.00,10600.00,237.00,1.89,0.00,2.78,-0.08,0.00,1.87
4230.00,10600.00,240.00,2.93,0.00,-5.27,-0.12,0.00,1.62
4230.00,10600.00,241.00,0.85,0.00,4.24,-0.23,0.00,0.19
4230.00,10600.00,243.00,2.74,0.00,-8.89,0.10,0.00,1.78
4240.00,10600.00,231.00,3.52,0.00,2.94,1.07,0.00,0.73
4240.00,10600.00,232.00,3.00,0.00,2.99,-1.37,0.00,1.22
4240.00,10600.00,235.00,3.68,0.00,-1.06,-0.13,0.00,0.87
4240.00,10600.00,236.00,3.01,0.00,-1.08,-0.15,0.00,0.90
4240.00,10600.00,237.00,1.82,0.00,3.58,-0.17,0.00,2.01
4240.00,10600.00,240.00,2.86,0.00,-4.63,-0.18,0.00,1.37
4240.00,10600.00,243.00,2.81,0.00,-8.20,0.12,0.00,1.73
4240.00,10600.00,235.00,3.64,0.00,-0.72,-0.01,0.00,1.02
4240.00,10600.00,236.00,2.96,0.00,-0.74,0.05,0.00,0.88
4240.00,10600.00,240.00,2.79,0.00,-4.17,0.01,0.00,1.45
4240.00,10600.00,243.00,2.83,0.00,-7.51,-0.05,0.00,1.69
4240.00,10600.00,247.00,0.82,0.00,4.02,-0.07,0.00,-0.39
4240.00,10600.00,235.00,3.67,0.00,-0.24,-0.04,0.00,0.93
4240.00,10600.00,236.00,3.05,0.00,-0.38,0.09,0.00,0.85
4240.00,10600.00,240.00,2.87,0.00,-3.46,-0.09,0.00,1.61
4240.00,10600.00,243.00,2.77,0.00,-6.85,0.00,0.00,1.66
4240.00,10600.00,247.00,0.79,0.00,3.87,-0.04,0.00,-0.32
4240.00,10600.00,251.00,0.59,0.00,4.25,0.00,0.00,0.00
4250.00,10600.00,235.00,3.61,0.00,0.02,-0.16,0.00,0.80
4250.00,10600.00,236.00,3.03,0.00,-0.07,-0.04,0.00,0.91
4250.00,10600.00,240.00,2.72,0.00,-2.87,-0.20,0.00,1.43
4250.00,10600.00,243.00,2.83,0.00,-6.18,0.02,0.00,1.71
4250.00,10600.00,247.00,0.79,0.00,3.77,0.04,0.00,0.22
4250.00,10600.00,251.00,0.59,0.00,4.25,0.00,0.00,0.00
4250.00,10600.00,252.00,3.51,0.00,-8.96,-0.17,0.00,1.09
4250.00,10600.00,253.00,4.01,0.00,-9.10,-0.07,0.00,1.18
4250.00,10600.00,235.00,3.54,0.00,0.40,-0.04,0.00,0.93
4250.00,10600.00,236.00,3.02,0.00,0.35,-0.13,0.00,1.00
4250.00,10600.00,240.00,2.71,0.00,-2.32,0.05,0.00,1.42
4250.00,10600.00,243.00,2.79,0.00,-5.49,0.13,0.00,2.01
4250.00,10600.00,247.00,0.82,0.00,4.04,0.07,0.00,0.46
4250.00,10600.00,252.00,3.44,0.00,-8.52,-0.08,0.00,1.09
4250.00,10600.00,253.00,3.99,0.00,-8.63,-0.03,0.00,1.13
4260.00,10600.00,235.00,3.58,0.00,0.77,-0.04,0.00,0.84
4260.00,10600.00,236.00,2.93,0.00,0.73,-0.09,0.00,0.90
4260.00,10600.00,240.00,2.76,0.00,-1.74,0.03,0.00,1.45
4260.00,10600.00,243.00,2.93,0.00,-4.57,-0.02,0.00,1.76
4260.00,10600.00,247.00,0.85,0.00,4.14,-0.04,0.00,-0.32
4260.00,10600.00,252.00,3.45,0.00,-8.09,-0.12,0.00,1.14
4260.00,10600.00,253.00,3.99,0.00,-8.20,0.01,0.00,1.13
4260.00,10700.00,235.00,3.50,0.00,1.07,-0.25,0.00,0.75
4260.00,10700.00,236.00,2.95,0.00,1.06,-0.07,0.00,0.84
4260.00,10700.00,240.00,2.74,0.00,-1.16,0.00,0.00,1.30
4260.00,10700.00,243.00,2.78,0.00,-4.09,-0.06,0.00,1.81
4260.00,10700.00,247.00,0.79,0.00,3.79,-0.03,0.00,-0.12
4260.00,10700.00,252.00,3.35,0.00,-7.61,-0.16,0.00,1.14
4260.00,10700.00,253.00,4.00,0.00,-7.73,0.01,0.00,1.10
4260.00,10700.00,235.00,3.38,0.00,1.37,-0.11,0.00,0.89
4260.00,10700.00,236.00,2.88,0.00,1.41,-0.09,0.00,0.85
4260.00,10700.00,240.00,2.76,0.00,-0.69,0.00,0.00,1.21
4260.00,10700.00,243.00,2.88,0.00,-3.13,-0.07,0.00,2.08
4260.00,10700.00,247.00,0.82,0.00,4.04,0.11,0.00,0.35
4260.00,10700.00,252.00,3.32,0.00,-7.17,0.06,0.00,1.10
4260.00,10700.00,253.00,4.00,0.00,-7.32,-0.12,0.00,1.01
4270.00,10700.00,235.00,3.42,0.00,1.79,0.08,0.00,0.99
4270.00,10700.00,236.00,2.88,0.00,1.74,0.05,0.00,0.85
4270.00,10700.00,240.00,2.73,0.00,-0.20,-0.12,0.00,1.20
4270.00,10700.00,243.00,2.72,0.00,-2.42,-0.34,0.00,1.72
4270.00,10700.00,247.00,0.88,0.00,4.07,0.01,0.00,0.12
4270.00,10700.00,252.00,3.39,0.00,-6.72,0.06,0.00,1.10
4270.00,10700.00,253.00,3.90,0.00,-6.92,-0.12,0.00,1.04
4270.00,10700.00,235.00,3.44,0.00,2.15,-0.02,0.00,0.90
4270.00,10700.00,236.00,2.91,0.00,2.09,-0.02,0.00,0.86
4270.00,10700.00,240.00,2.67,0.00,0.26,-0.11,0.00,1.25
4270.00,10700.00,243.00,2.61,0.00,-1.76,-0.18,0.00,1.67
4270.00,10700.00,247.00,0.83,0.00,4.14,-0.16,0.00,-0.37
4270.00,10700.00,252.00,3.36,0.00,-6.29,-0.07,0.00,1.26
4270.00,10700.00,253.00,3.90,0.00,-6.49,-0.03,0.00,1.13
4280.00,10700.00,235.00,3.40,0.00,2.51,0.05,0.00,0.89
4280.00,10700.00,236.00,2.86,0.00,2.43,-0.18,0.00,0.84
4280.00,10700.00,240.00,2.64,0.00,0.80,-0.07,0.00,1.24
4280.00,10700.00,243.00,2.58,0.00,-1.08,-0.16,0.00,1.60
4280.00,10700.00,247.00,0.75,0.00,3.78,-0.02,0.00,-0.37
4280.00,10700.00,252.00,3.34,0.00,-5.72,0.11,0.00,1.29
4280.00,10700.00,253.00,3.88,0.00,-6.02,0.06,0.00,1.09
4280.00,10700.00,235.00,3.48,0.00,2.87,0.14,0.00,0.90
4280.00,10700.00,236.00,2.77,0.00,2.76,-0.02,0.00,0.81
4280.00,10700.00,240.00,2.61,0.00,1.26,-0.19,0.00,1.16
4280.00,10700.00,243.00,2.48,0.00,-0.48,-0.24,0.00,1.49
4280.00,10700.00,247.00,0.81,0.00,3.85,0.01,0.00,0.10
4280.00,10700.00,252.00,3.45,0.00,-5.26,0.10,0.00,1.12
4280.00,10700.00,253.00,3.95,0.00,-5.62,0.10,0.00,1.09
4280.00,10700.00,235.00,3.51,0.00,3.23,-0.02,0.00,0.90
4280.00,10700.00,236.00,2.84,0.00,3.08,0.14,0.00,0.90
4280.00,10700.00,240.00,2.49,0.00,1.73,0.03,0.00,1.05
4280.00,10700.00,243.00,2.39,0.00,0.11,-0.06,0.00,1.41
4280.00,10700.00,247.00,0.75,0.00,3.86,-0.14,0.00,0.03
4280.00,10700.00,252.00,3.42,0.00,-4.82,-0.14,0.00,1.07
4280.00,10700.00,253.00,3.96,0.00,-5.15,0.02,0.00,1.17
4280.00,10700.00,254.00,2.83,0.00,-9.83,-0.18,0.00,1.70
4290.00,10700.00,235.00,3.46,0.00,3.59,0.01,0.00,0.63
4290.00,10700.00,236.00,2.88,0.00,3.48,-0.06,0.00,0.92
4290.00,10700.00,240.00,2.64,0.00,2.09,0.14,0.00,0.84
4290.00,10700.00,243.00,2.43,0.00,0.65,0.07,0.00,1.29
4290.00,10700.00,252.00,3.34,0.00,-4.40,0.19,0.00,1.06
4290.00,10700.00,253.00,3.96,0.00,-4.68,0.11,0.00,1.18
4290.00,10700.00,254.00,2.76,0.00,-9.15,-0.07,0.00,1.72
4290.00,10700.00,255.00,1.59,0.00,4.04,-0.36,0.00,-1.47
4290.00,10700.00,235.00,3.52,0.00,3.73,0.15,0.00,0.36
4290.00,10700.00,236.00,2.79,0.00,3.81,-0.23,0.00,0.82
4290.00,10700.00,240.00,2.60,0.00,2.40,-0.11,0.00,0.90
4290.00,10700.00,243.00,2.44,0.00,1.14,0.06,0.00,1.17
4290.00,10700.00,252.00,3.57,0.00,-3.97,0.32,0.00,1.02
4290.00,10700.00,253.00,4.04,0.00,-4.20,0.19,0.00,1.08
4290.00,10700.00,254.00,2.78,0.00,-8.46,0.02,0.00,1.66
4290.00,10700.00,255.00,1.45,0.00,3.45,-0.16,0.00,-1.63
4290.00,10700.00,256.00,0.71,0.00,3.76,-0.12,0.00,0.42
4300.00,10700.00,240.00,2.55,0.00,2.82,0.06,0.00,1.09
4300.00,10700.00,243.00,2.49,0.00,1.59,0.25,0.00,1.16
4300.00,10700.00,252.00,3.60,0.00,-3.59,0.10,0.00,1.09
4300.00,10700.00,253.00,4.11,0.00,-3.82,0.10,0.00,1.08
4300.00,10700.00,254.00,2.78,0.00,-7.82,-0.03,0.00,1.59
4300.00,10700.00,255.00,1.46,0.00,2.73,-0.08,0.00,-1.82
4300.00,10700.00,256.00,0.66,0.00,3.93,0.02,0.00,0.02
4300.00,10800.00,240.00,2.65,0.00,3.27,0.24,0.00,1.13
4300.00,10800.00,243.00,2.64,0.00,2.08,0.39,0.00,1.21
4300.00,10800.00,252.00,3.66,0.00,-3.10,0.29,0.00,1.24
4300.00,10800.00,253.00,4.12,0.00,-3.33,0.33,0.00,1.30
4300.00,10800.00,254.00,2.75,0.00,-7.19,0.04,0.00,1.63
4300.00,10800.00,255.00,1.38,0.00,1.99,-0.10,0.00,-1.75
4300.00,10800.00,256.00,0.73,0.00,3.78,0.17,0.00,-0.38
4300.00,10800.00,252.00,3.83,0.00,-2.60,0.42,0.00,1.27
4300.00,10800.00,253.00,4.38,0.00,-2.78,0.64,0.00,1.38
4300.00,10800.00,254.00,2.81,0.00,-6.52,0.05,0.00,1.68
4300.00,10800.00,255.00,1.38,0.00,1.33,0.04,0.00,-1.72
4310.00,10800.00,254.00,2.79,0.00,-5.85,0.00,0.00,1.61
4310.00,10800.00,255.00,1.42,0.00,0.61,0.06,0.00,-1.85
4310.00,10800.00,254.00,2.81,0.00,-5.23,0.09,0.00,1.60
4310.00,10800.00,255.00,1.43,0.00,-0.15,0.15,0.00,-1.89
4310.00,10800.00,257.00,-0.20,0.00,-2.83,1.38,0.00,-0.16
4320.00,10800.00,254.00,2.86,0.00,-4.57,0.09,0.00,1.72
4320.00,10800.00,255.00,1.54,0.00,-0.90,0.17,0.00,-1.89
4320.00,10800.00,257.00,0.35,0.00,-2.90,1.39,0.00,-0.31
4320.00,10800.00,258.00,1.72,0.00,2.47,-0.04,0.00,-1.53
4320.00,10800.00,254.00,2.88,0.00,-3.86,0.16,0.00,1.61
4320.00,10800.00,255.00,1.57,0.00,-1.66,0.02,0.00,-1.77
4320.00,10800.00,257.00,0.91,0.00,-3.08,1.50,0.00,-0.55
4320.00,10800.00,258.00,1.71,0.00,1.86,0.10,0.00,-1.60
4320.00,10800.00,254.00,2.98,0.00,-3.28,0.15,0.00,1.51
4320.00,10800.00,255.00,1.55,0.00,-2.32,0.03,0.00,-1.53
4320.00,10800.00,257.00,1.55,0.00,-3.34,1.60,0.00,-0.56
4320.00,10800.00,258.00,1.80,0.00,1.19,0.17,0.00,-1.59
4330.00,10800.00,254.00,3.00,0.00,-2.65,-0.01,0.00,1.57
4330.00,10800.00,255.00,1.59,0.00,-2.88,0.02,0.00,-1.65
4330.00,10800.00,257.00,2.19,0.00,-3.53,1.51,0.00,-0.54
4330.00,10800.00,258.00,1.84,0.00,0.59,0.16,0.00,-1.26
4330.00,10800.00,254.00,2.98,0.00,-2.02,0.00,0.00,1.60
4330.00,10800.00,255.00,1.57,0.00,-3.64,0.01,0.00,-1.87
4330.00,10800.00,257.00,2.76,0.00,-3.77,1.43,0.00,-0.48
4330.00,10800.00,258.00,1.93,0.00,0.18,0.24,0.00,-1.42
4340.00,10800.00,254.00,3.00,0.00,-1.37,-0.07,0.00,1.61
4340.00,10800.00,255.00,1.60,0.00,-4.38,0.14,0.00,-2.01
4340.00,10800.00,257.00,3.33,0.00,-3.91,1.56,0.00,-0.17
4340.00,10800.00,258.00,2.04,0.00,-0.55,0.21,0.00,-1.62
4340.00,10900.00,254.00,2.92,0.00,-0.74,-0.19,0.00,1.55
4340.00,10900.00,255.00,1.69,0.00,-5.25,0.05,0.00,-2.01
4340.00,10900.00,257.00,4.00,0.00,-3.90,1.69,0.00,0.01
4340.00,10900.00,258.00,2.10,0.00,-1.12,0.15,0.00,-1.41
4340.00,10900.00,259.00,3.57,0.00,2.91,-0.30,0.00,-1.45
4340.00,10900.00,254.00,2.85,0.00,-0.14,-0.21,0.00,1.58
4340.00,10900.00,255.00,1.65,0.00,-5.99,0.08,0.00,-1.88
4340.00,10900.00,259.00,3.45,0.00,2.33,-0.14,0.00,-1.41
4340.00,10900.00,260.00,2.41,0.00,-1.47,0.90,0.00,-1.05
4350.00,10900.00,254.00,2.76,0.00,0.53,-0.28,0.00,1.59
4350.00,10900.00,255.00,1.75,0.00,-6.75,0.30,0.00,-2.05
4350.00,10900.00,259.00,3.45,0.00,1.78,0.04,0.00,-1.32
4350.00,10900.00,260.00,2.77,0.00,-1.90,1.01,0.00,-0.97
4350.00,10900.00,254.00,2.62,0.00,1.14,-0.19,0.00,1.53
4350.00,10900.00,255.00,1.89,0.00,-7.63,0.10,0.00,-2.03
4350.00,10900.00,259.00,3.48,0.00,1.27,0.00,0.00,-1.34
4350.00,10900.00,260.00,3.22,0.00,-2.25,1.17,0.00,-0.74
4360.00,10900.00,254.00,2.60,0.00,1.75,-0.05,0.00,1.51
4360.00,10900.00,255.00,1.83,0.00,-8.38,-0.10,0.00,-1.85
4360.00,10900.00,259.00,3.45,0.00,0.71,-0.03,0.00,-1.41
4360.00,10900.00,260.00,3.71,0.00,-2.48,1.23,0.00,-0.64
4360.00,10900.00,254.00,2.58,0.00,2.34,-0.04,0.00,1.43
4360.00,10900.00,255.00,1.81,0.00,-9.10,-0.05,0.00,-1.80
4360.00,10900.00,259.00,3.45,0.00,0.15,-0.03,0.00,-1.41
4360.00,10900.00,260.00,4.21,0.00,-2.76,1.25,0.00,-0.69
4360.00,10900.00,261.00,1.28,0.00,3.86,0.19,0.00,-1.67
4360.00,10900.00,254.00,2.58,0.00,2.89,-0.15,0.00,1.38
4360.00,10900.00,259.00,3.42,0.00,-0.42,-0.08,0.00,-1.43
4360.00,10900.00,261.00,1.36,0.00,3.19,0.17,0.00,-1.55
4370.00,10900.00,254.00,2.46,0.00,3.44,-0.29,0.00,1.38
4370.00,10900.00,259.00,3.39,0.00,-1.00,0.03,0.00,-1.47
4370.00,10900.00,261.00,1.42,0.00,2.62,0.15,0.00,-1.47
4370.00,10900.00,259.00,3.45,0.00,-1.59,0.08,0.00,-1.53
4370.00,10900.00,261.00,1.48,0.00,2.02,0.36,0.00,-1.52
4380.00,10900.00,259.00,3.45,0.00,-2.22,0.03,0.00,-1.54
4380.00,10900.00,261.00,1.70,0.00,1.40,0.40,0.00,-1.53
4380.00,11000.00,259.00,3.47,0.00,-2.83,-0.01,0.00,-1.49
4380.00,11000.00,261.00,1.80,0.00,0.79,0.24,0.00,-1.50
4380.00,11000.00,259.00,3.44,0.00,-3.41,-0.19,0.00,-1.50
4380.00,11000.00,261.00,1.90,0.00,0.20,0.33,0.00,-1.49
4390.00,11000.00,259.00,3.32,0.00,-4.03,-0.28,0.00,-1.54
4390.00,11000.00,261.00,2.06,0.00,-0.40,0.22,0.00,-1.52
4390.00,11000.00,259.00,3.22,0.00,-4.64,-0.37,0.00,-1.51
4390.00,11000.00,261.00,2.07,0.00,-1.01,0.10,0.00,-1.57
4400.00,11000.00,259.00,3.02,0.00,-5.23,-0.44,0.00,-1.49
4400.00,11000.00,261.00,2.14,0.00,-1.66,0.05,0.00,-1.62
4400.00,11000.00,259.00,2.86,0.00,-5.83,-0.33,0.00,-1.53
4400.00,11000.00,261.00,2.11,0.00,-2.31,-0.14,0.00,-1.65
4400.00,11000.00,262.00,3.39,0.00,-9.39,0.17,0.00,1.47
4400.00,11000.00,259.00,2.76,0.00,-6.46,-0.25,0.00,-1.76
4400.00,11000.00,261.00,2.03,0.00,-2.97,-0.02,0.00,-1.69
4400.00,11000.00,262.00,3.46,0.00,-8.80,0.03,0.00,1.50
4400.00,11000.00,263.00,1.16,0.00,-10.10,0.10,0.00,1.71
4410.00,11000.00,259.00,2.66,0.00,-7.24,-0.05,0.00,-1.76
4410.00,11000.00,261.00,2.09,0.00,-3.65,0.00,0.00,-1.74
4410.00,11000.00,262.00,3.42,0.00,-8.18,0.03,0.00,1.50
4410.00,11000.00,263.00,1.20,0.00,-9.39,0.14,0.00,1.66
4410.00,11000.00,259.00,2.72,0.00,-7.86,0.10,0.00,-1.59
4410.00,11000.00,261.00,2.03,0.00,-4.36,0.02,0.00,-1.72
4410.00,11000.00,262.00,3.49,0.00,-7.60,-0.01,0.00,1.58
4410.00,11000.00,263.00,1.27,0.00,-8.75,0.04,0.00,1.56
4420.00,11000.00,259.00,2.74,0.00,-8.52,0.19,0.00,-1.62
4420.00,11000.00,261.00,2.10,0.00,-5.03,0.16,0.00,-1.68
4420.00,11000.00,262.00,3.42,0.00,-6.92,-0.16,0.00,1.64
4420.00,11000.00,263.00,1.23,0.00,-8.14,-0.03,0.00,1.54
4420.00,11100.00,259.00,2.87,0.00,-9.16,0.43,0.00,-1.66
4420.00,11100.00,261.00,2.16,0.00,-5.71,-0.07,0.00,-1.69
4420.00,11100.00,262.00,3.36,0.00,-6.29,-0.14,0.00,1.54
4420.00,11100.00,263.00,1.24,0.00,-7.52,0.14,0.00,1.65
4420.00,11100.00,259.00,3.08,0.00,-9.84,0.54,0.00,-1.71
4420.00,11100.00,261.00,2.05,0.00,-6.38,-0.12,0.00,-1.71
4420.00,11100.00,262.00,3.30,0.00,-5.69,-0.19,0.00,1.47
4420.00,11100.00,263.00,1.34,0.00,-6.82,0.19,0.00,1.72
4430.00,11100.00,261.00,2.07,0.00,-7.08,-0.16,0.00,-1.69
4430.00,11100.00,262.00,3.21,0.00,-5.11,-0.10,0.00,1.41
4430.00,11100.00,263.00,1.39,0.00,-6.14,0.28,0.00,1.63
4430.00,11100.00,261.00,1.92,0.00,-7.73,-0.39,0.00,-1.60
4430.00,11100.00,262.00,3.22,0.00,-4.56,0.03,0.00,1.45
4430.00,11100.00,263.00,1.56,0.00,-5.52,0.46,0.00,1.61
4440.00,11100.00,261.00,1.76,0.00,-8.36,-0.41,0.00,-1.58
4440.00,11100.00,262.00,3.24,0.00,-3.96,-0.07,0.00,1.56
4440.00,11100.00,263.00,1.76,0.00,-4.86,0.41,0.00,1.61
4440.00,11100.00,262.00,3.16,0.00,-3.32,-0.05,0.00,1.55
4440.00,11100.00,263.00,1.89,0.00,-4.23,0.41,0.00,1.53
4440.00,11100.00,262.00,3.19,0.00,-2.72,0.17,0.00,1.43
4440.00,11100.00,263.00,2.09,0.00,-3.63,0.43,0.00,1.57
4450.00,11100.00,262.00,3.29,0.00,-2.18,0.11,0.00,1.65
4450.00,11100.00,263.00,2.24,0.00,-2.98,0.23,0.00,1.64
4450.00,11100.00,262.00,3.28,0.00,-1.39,0.10,0.00,1.77
4450.00,11100.00,263.00,2.27,0.00,-2.33,0.23,0.00,1.61
4460.00,11100.00,262.00,3.37,0.00,-0.76,0.12,0.00,1.47
4460.00,11100.00,263.00,2.42,0.00,-1.69,0.25,0.00,1.62
4460.00,11200.00,262.00,3.38,0.00,-0.22,-0.01,0.00,1.44
4460.00,11200.00,263.00,2.47,0.00,-1.03,0.04,0.00,1.65
4460.00,11200.00,264.00,1.86,0.00,3.30,0.02,0.00,-1.39
4460.00,11200.00,262.00,3.36,0.00,0.39,-0.03,0.00,1.52
4460.00,11200.00,263.00,2.45,0.00,-0.37,0.04,0.00,1.64
4460.00,11200.00,264.00,1.87,0.00,2.74,-0.17,0.00,-1.40
4470.00,11200.00,262.00,3.36,0.00,1.00,-0.19,0.00,1.47
4470.00,11200.00,263.00,2.51,0.00,0.29,0.02,0.00,1.65
4470.00,11200.00,264.00,1.73,0.00,2.17,-0.11,0.00,-1.47
4470.00,11200.00,262.00,3.21,0.00,1.57,-0.25,0.00,1.28
4470.00,11200.00,263.00,2.47,0.00,0.94,-0.14,0.00,1.60
4470.00,11200.00,264.00,1.79,0.00,1.57,-0.08,0.00,-1.47
4480.00,11200.00,262.00,3.16,0.00,2.03,-0.13,0.00,1.36
4480.00,11200.00,263.00,2.39,0.00,1.57,-0.08,0.00,1.49
4480.00,11200.00,264.00,1.66,0.00,0.99,-0.22,0.00,-1.45
4480.00,11200.00,262.00,3.11,0.00,2.66,-0.21,0.00,1.48
4480.00,11200.00,263.00,2.41,0.00,2.13,-0.06,0.00,1.36
4480.00,11200.00,264.00,1.61,0.00,0.40,-0.01,0.00,-1.49
4480.00,11200.00,262.00,2.99,0.00,3.21,-0.29,0.00,1.37
4480.00,11200.00,263.00,2.34,0.00,2.66,-0.16,0.00,1.31
4480.00,11200.00,264.00,1.65,0.00,-0.20,-0.09,0.00,-1.53
4490.00,11200.00,264.00,1.54,0.00,-0.82,0.01,0.00,-1.57
4490.00,11200.00,264.00,1.66,0.00,-1.45,0.12,0.00,-1.56
4500.00,11200.00,264.00,1.64,0.00,-2.07,-0.06,0.00,-1.56
4500.00,11300.00,264.00,1.60,0.00,-2.70,0.07,0.00,-1.60
4500.00,11300.00,264.00,1.70,0.00,-3.35,-0.04,0.00,-1.64
4510.00,11300.00,264.00,1.57,0.00,-4.02,-0.09,0.00,-1.66
4510.00,11300.00,264.00,1.62,0.00,-4.68,0.09,0.00,-1.73
4520.00,11300.00,264.00,1.64,0.00,-5.40,-0.12,0.00,-1.77
4520.00,11300.00,264.00,1.53,0.00,-6.10,0.00,0.00,-1.73
4520.00,11300.00,264.00,1.64,0.00,-6.79,0.00,0.00,-1.66
4530.00,11300.00,264.00,1.53,0.00,-7.42,-0.04,0.00,-1.60
4530.00,11300.00,264.00,1.60,0.00,-8.07,0.17,0.00,-1.64
4540.00,11300.00,264.00,1.66,0.00,-8.73,0.14,0.00,-1.67
4540.00,11400.00,265.00,0.78,0.00,2.95,0.07,0.00,-1.31
4540.00,11400.00,266.00,-0.83,0.00,2.36,0.00,0.00,0.00
4540.00,11400.00,265.00,0.81,0.00,2.43,0.02,0.00,-1.30
4540.00,11400.00,266.00,-0.83,0.00,2.36,0.00,0.00,0.00
4540.00,11400.00,267.00,1.57,0.00,3.43,0.10,0.00,-1.60
4540.00,11400.00,268.00,2.00,0.00,3.70,0.37,0.00,-1.64
4540.00,11400.00,269.00,2.56,0.00,3.89,0.14,0.00,-1.55
4550.00,11400.00,265.00,0.80,0.00,1.91,0.06,0.00,-1.36
4550.00,11400.00,266.00,-0.83,0.00,2.36,0.00,0.00,0.00
4550.00,11400.00,267.00,1.61,0.00,2.79,0.21,0.00,-1.72
4550.00,11400.00,268.00,2.14,0.00,3.05,0.35,0.00,-1.59
4550.00,11400.00,269.00,2.61,0.00,3.28,0.09,0.00,-1.61
4550.00,11400.00,270.00,3.47,0.00,-5.20,0.09,0.00,1.61
4550.00,11400.00,271.00,3.67,0.00,-7.85,-0.36,0.00,1.70
4550.00,11400.00,265.00,0.86,0.00,1.34,0.06,0.00,-1.36
4550.00,11400.00,266.00,-0.83,0.00,2.36,0.00,0.00,0.00
4550.00,11400.00,267.00,1.74,0.00,2.05,0.17,0.00,-1.59
4550.00,11400.00,268.00,2.28,0.00,2.43,0.19,0.00,-1.51
4550.00,11400.00,269.00,2.63,0.00,2.61,0.11,0.00,-1.66
4550.00,11400.00,270.00,3.51,0.00,-4.55,0.04,0.00,1.61
4550.00,11400.00,271.00,3.53,0.00,-7.17,-0.20,0.00,1.64
4560.00,11400.00,265.00,0.85,0.00,0.82,-0.07,0.00,-1.32
4560.00,11400.00,266.00,-0.83,0.00,2.36,0.00,0.00,0.00
4560.00,11400.00,267.00,1.75,0.00,1.51,0.01,0.00,-1.46
4560.00,11400.00,268.00,2.30,0.00,1.84,0.21,0.00,-1.59
4560.00,11400.00,269.00,2.71,0.00,1.95,0.19,0.00,-1.55
4560.00,11400.00,270.00,3.51,0.00,-3.91,0.09,0.00,1.61
4560.00,11400.00,271.00,3.51,0.00,-6.54,-0.09,0.00,1.65
4560.00,11400.00,265.00,0.80,0.00,0.29,-0.03,0.00,-1.37
4560.00,11400.00,266.00,-0.83,0.00,2.36,0.00,0.00,0.00
4560.00,11400.00,267.00,1.75,0.00,0.88,0.07,0.00,-1.70
4560.00,11400.00,268.00,2.44,0.00,1.16,0.11,0.00,-1.74
4560.00,11400.00,269.00,2.78,0.00,1.37,0.17,0.00,-1.50
4560.00,11400.00,270.00,3.58,0.00,-3.27,0.09,0.00,1.60
4560.00,11400.00,271.00,3.46,0.00,-5.85,-0.09,0.00,1.70
4560.00,11400.00,265.00,0.82,0.00,-0.28,0.00,0.00,-1.33
4560.00,11400.00,266.00,-0.83,0.00,2.36,0.00,0.00,0.00
4560.00,11400.00,267.00,1.80,0.00,0.16,0.11,0.00,-1.70
4560.00,11400.00,268.00,2.39,0.00,0.44,0.01,0.00,-1.85
4560.00,11400.00,269.00,2.84,0.00,0.75,0.16,0.00,-1.62
4560.00,11400.00,270.00,3.58,0.00,-2.62,0.13,0.00,1.60
4560.00,11400.00,271.00,3.44,0.00,-5.18,0.09,0.00,1.68
4570.00,11400.00,265.00,0.79,0.00,-0.78,-0.10,0.00,-1.29
4570.00,11400.00,266.00,-0.83,0.00,2.36,0.00,0.00,0.00
4570.00,11400.00,267.00,1.84,0.00,-0.48,0.05,0.00,-1.60
4570.00,11400.00,268.00,2.45,0.00,-0.32,0.11,0.00,-1.72
4570.00,11400.00,269.00,2.91,0.00,0.07,0.09,0.00,-1.73
4570.00,11400.00,270.00,3.68,0.00,-1.99,0.17,0.00,1.56
4570.00,11400.00,271.00,3.53,0.00,-4.50,0.11,0.00,1.73
4570.00,11400.00,265.00,0.75,0.00,-1.31,0.08,0.00,-1.52
4570.00,11400.00,266.00,-0.83,0.00,2.36,0.00,0.00,0.00
4570.00,11400.00,267.00,1.84,0.00,-1.12,0.09,0.00,-1.63
4570.00,11400.00,268.00,2.48,0.00,-0.93,0.01,0.00,-1.58
4570.00,11400.00,269.00,2.91,0.00,-0.64,-0.03,0.00,-1.71
4570.00,11400.00,270.00,3.71,0.00,-1.37,0.04,0.00,1.55
4570.00,11400.00,271.00,3.53,0.00,-3.79,0.04,0.00,1.66
4580.00,11400.00,265.00,0.86,0.00,-1.99,0.10,0.00,-1.52
4580.00,11400.00,266.00,-0.83,0.00,2.36,0.00,0.00,0.00
4580.00,11400.00,267.00,1.91,0.00,-1.79,0.14,0.00,-1.68
4580.00,11400.00,268.00,2.46,0.00,-1.58,0.02,0.00,-1.68
4580.00,11400.00,269.00,2.89,0.00,-1.30,0.12,0.00,-1.64
4580.00,11400.00,270.00,3.71,0.00,-0.75,0.15,0.00,1.54
4580.00,11400.00,271.00,3.56,0.00,-3.17,0.09,0.00,1.65
4580.00,11500.00,265.00,0.83,0.00,-2.53,-0.06,0.00,-1.40
4580.00,11500.00,266.00,-0.83,0.00,2.36,0.00,0.00,0.00
4580.00,11500.00,267.00,1.95,0.00,-2.47,0.14,0.00,-1.66
4580.00,11500.00,268.00,2.49,0.00,-2.27,0.02,0.00,-1.68
4580.00,11500.00,269.00,3.00,0.00,-1.95,0.11,0.00,-1.73
4580.00,11500.00,270.00,3.83,0.00,-0.15,0.11,0.00,1.59
4580.00,11500.00,271.00,3.60,0.00,-2.47,0.05,0.00,1.73
4580.00,11500.00,265.00,0.81,0.00,-3.11,-0.08,0.00,-1.45
4580.00,11500.00,266.00,-0.83,0.00,2.36,0.00,0.00,0.00
4580.00,11500.00,267.00,2.03,0.00,-3.11,0.18,0.00,-1.71
4580.00,11500.00,268.00,2.48,0.00,-2.93,0.06,0.00,-1.79
4580.00,11500.00,269.00,2.98,0.00,-2.69,0.15,0.00,-1.79
4580.00,11500.00,270.00,3.80,0.00,0.52,-0.02,0.00,1.65
4580.00,11500.00,271.00,3.60,0.00,-1.79,0.04,0.00,1.58
4590.00,11500.00,265.00,0.76,0.00,-3.69,-0.15,0.00,-1.47
4590.00,11500.00,266.00,-0.83,0.00,2.36,0.00,0.00,0.00
4590.00,11500.00,267.00,2.10,0.00,-3.83,0.13,0.00,-1.83
4590.00,11500.00,268.00,2.54,0.00,-3.70,0.22,0.00,-1.85
4590.00,11500.00,269.00,3.12,0.00,-3.37,0.27,0.00,-1.70
4590.00,11500.00,270.00,3.81,0.00,1.18,-0.03,0.00,1.61
4590.00,11500.00,271.00,3.63,0.00,-1.21,-0.03,0.00,1.61
4590.00,11500.00,265.00,0.69,0.00,-4.29,-0.18,0.00,-1.42
4590.00,11500.00,266.00,-0.83,0.00,2.36,0.00,0.00,0.00
4590.00,11500.00,267.00,2.13,0.00,-4.57,0.13,0.00,-1.75
4590.00,11500.00,268.00,2.65,0.00,-4.41,0.22,0.00,-1.78
4590.00,11500.00,269.00,3.19,0.00,-4.05,0.22,0.00,-1.77
4590.00,11500.00,270.00,3.78,0.00,1.80,-0.09,0.00,1.57
4590.00,11500.00,271.00,3.58,0.00,-0.50,-0.13,0.00,1.77
4600.00,11500.00,265.00,0.62,0.00,-4.83,-0.02,0.00,-1.54
4600.00,11500.00,266.00,-0.83,0.00,2.36,0.00,0.00,0.00
4600.00,11500.00,267.00,2.20,0.00,-5.24,0.11,0.00,-1.75
4600.00,11500.00,268.00,2.72,0.00,-5.13,0.33,0.00,-1.79
4600.00,11500.00,269.00,3.30,0.00,-4.79,0.31,0.00,-1.82
4600.00,11500.00,265.00,0.68,0.00,-5.52,-0.02,0.00,-1.67
4600.00,11500.00,266.00,-0.83,0.00,2.36,0.00,0.00,0.00
4600.00,11500.00,267.00,2.22,0.00,-5.97,-0.02,0.00,-1.71
4600.00,11500.00,268.00,2.92,0.00,-5.84,0.22,0.00,-1.80
4600.00,11500.00,269.00,3.44,0.00,-5.51,0.28,0.00,-1.84
4600.00,11500.00,265.00,0.60,0.00,-6.16,-0.25,0.00,-1.55
4600.00,11500.00,266.00,-0.83,0.00,2.36,0.00,0.00,0.00
4600.00,11500.00,267.00,2.18,0.00,-6.61,-0.10,0.00,-1.79
4600.00,11500.00,268.00,2.90,0.00,-6.57,-0.03,0.00,-1.83
4600.00,11500.00,269.00,3.52,0.00,-6.26,0.28,0.00,-1.86
4610.00,11500.00,265.00,0.48,0.00,-6.76,-0.13,0.00,-1.48
4610.00,11500.00,266.00,-0.83,0.00,2.36,0.00,0.00,0.00
4610.00,11500.00,267.00,2.14,0.00,-7.40,-0.17,0.00,-1.78
4610.00,11500.00,268.00,2.89,0.00,-7.30,0.06,0.00,-1.83
4610.00,11500.00,269.00,3.66,0.00,-7.00,0.31,0.00,-1.74
4610.00,11500.00,265.00,0.50,0.00,-7.35,-0.01,0.00,-1.40
4610.00,11500.00,266.00,-0.83,0.00,2.36,0.00,0.00,0.00
4610.00,11500.00,267.00,2.05,0.00,-8.04,0.00,0.00,-1.67
4610.00,11500.00,268.00,2.94,0.00,-8.03,0.07,0.00,-1.66
4610.00,11500.00,269.00,3.77,0.00,-7.66,0.09,0.00,-1.68
4620.00,11500.00,265.00,0.47,0.00,-7.87,-0.07,0.00,-1.31
4620.00,11500.00,266.00,-0.83,0.00,2.36,0.00,0.00,0.00
4620.00,11500.00,267.00,2.14,0.00,-8.74,0.23,0.00,-1.76
4620.00,11500.00,268.00,2.95,0.00,-8.63,0.01,0.00,-1.49
4620.00,11500.00,269.00,3.74,0.00,-8.34,-0.09,0.00,-1.71
4640.00,11600.00,272.00,1.57,0.00,2.75,0.07,0.00,-1.30
4640.00,11600.00,273.00,1.24,0.00,-9.88,0.01,0.00,1.92
4640.00,11600.00,274.00,3.75,0.00,-8.09,0.00,0.00,1.67
4650.00,11600.00,272.00,1.60,0.00,2.23,0.02,0.00,-1.27
4650.00,11600.00,273.00,1.25,0.00,-9.11,-0.02,0.00,1.67
4650.00,11600.00,274.00,3.75,0.00,-7.42,-0.17,0.00,1.76
4650.00,11600.00,272.00,1.59,0.00,1.74,0.07,0.00,-1.28
4650.00,11600.00,273.00,1.22,0.00,-8.55,0.11,0.00,1.51
4650.00,11600.00,274.00,3.61,0.00,-6.68,-0.17,0.00,1.75
4660.00,11600.00,272.00,1.65,0.00,1.21,0.07,0.00,-1.25
4660.00,11600.00,273.00,1.33,0.00,-7.91,0.21,0.00,1.62
4660.00,11600.00,274.00,3.61,0.00,-6.02,-0.11,0.00,1.70
4660.00,11700.00,272.00,1.65,0.00,0.74,-0.07,0.00,-1.21
4660.00,11700.00,273.00,1.39,0.00,-7.25,0.25,0.00,1.54
4660.00,11700.00,274.00,3.52,0.00,-5.32,-0.19,0.00,1.83
4660.00,11700.00,272.00,1.60,0.00,0.25,-0.07,0.00,-1.26
4660.00,11700.00,273.00,1.53,0.00,-6.68,0.42,0.00,1.65
4660.00,11700.00,274.00,3.45,0.00,-4.55,-0.08,0.00,1.77
4670.00,11700.00,272.00,1.59,0.00,-0.27,-0.09,0.00,-1.26
4670.00,11700.00,273.00,1.72,0.00,-5.93,0.32,0.00,1.65
4670.00,11700.00,274.00,3.45,0.00,-3.90,-0.16,0.00,1.71
4670.00,11700.00,272.00,1.53,0.00,-0.76,-0.16,0.00,-1.22
4670.00,11700.00,273.00,1.79,0.00,-5.36,0.25,0.00,1.53
4670.00,11700.00,274.00,3.33,0.00,-3.18,-0.13,0.00,1.71
4680.00,11700.00,272.00,1.46,0.00,-1.25,-0.07,0.00,-1.29
4680.00,11700.00,273.00,1.92,0.00,-4.71,0.23,0.00,1.65
4680.00,11700.00,274.00,3.35,0.00,-2.54,0.07,0.00,1.68
4680.00,11700.00,272.00,1.47,0.00,-1.79,-0.01,0.00,-1.35
4680.00,11700.00,273.00,1.97,0.00,-4.04,0.16,0.00,1.65
4680.00,11700.00,274.00,3.38,0.00,-1.84,-0.15,0.00,1.76
4680.00,11700.00,272.00,1.46,0.00,-2.33,-0.01,0.00,-1.35
4680.00,11700.00,273.00,2.05,0.00,-3.39,0.16,0.00,1.72
4680.00,11700.00,274.00,3.23,0.00,-1.13,-0.14,0.00,1.63
4690.00,11700.00,272.00,1.47,0.00,-2.87,0.11,0.00,-1.44
4690.00,11700.00,273.00,2.11,0.00,-2.66,0.00,0.00,1.74
4690.00,11700.00,274.00,3.28,0.00,-0.53,0.02,0.00,1.61
4690.00,11700.00,272.00,1.54,0.00,-3.47,0.20,0.00,-1.52
4690.00,11700.00,273.00,2.05,0.00,-2.00,-0.14,0.00,1.65
4690.00,11700.00,274.00,3.24,0.00,0.16,-0.07,0.00,1.60
4700.00,11700.00,274.00,3.22,0.00,0.75,-0.06,0.00,1.47
4710.00,11800.00,275.00,3.07,0.00,2.61,-0.05,0.00,1.57
4710.00,11800.00,276.00,2.11,0.00,0.72,-0.19,0.00,1.61
4710.00,11800.00,277.00,0.27,0.00,1.43,-0.13,0.00,-1.39
4710.00,11800.00,278.00,1.33,0.00,3.99,-0.23,0.00,-1.60
4710.00,11800.00,279.00,1.42,0.00,-5.70,0.39,0.00,-1.39
4710.00,11800.00,280.00,2.89,0.00,-5.10,-0.01,0.00,1.43
4710.00,11800.00,281.00,3.44,0.00,-5.45,-0.01,0.00,1.47
4710.00,11800.00,275.00,3.05,0.00,3.24,-0.28,0.00,1.49
4710.00,11800.00,276.00,2.03,0.00,1.37,-0.08,0.00,1.54
4710.00,11800.00,277.00,0.22,0.00,0.88,-0.08,0.00,-1.40
4710.00,11800.00,278.00,1.23,0.00,3.35,-0.16,0.00,-1.59
4710.00,11800.00,279.00,1.57,0.00,-6.26,0.28,0.00,-1.33
4710.00,11800.00,280.00,2.88,0.00,-4.53,0.01,0.00,1.50
4710.00,11800.00,281.00,3.44,0.00,-4.86,-0.08,0.00,1.50
4720.00,11800.00,275.00,2.84,0.00,3.80,-0.51,0.00,1.41
4720.00,11800.00,276.00,2.05,0.00,1.96,-0.01,0.00,1.43
4720.00,11800.00,277.00,0.21,0.00,0.31,-0.03,0.00,-1.41
4720.00,11800.00,278.00,1.20,0.00,2.72,-0.11,0.00,-1.60
4720.00,11800.00,279.00,1.64,0.00,-6.77,0.09,0.00,-1.29
4720.00,11800.00,280.00,2.90,0.00,-3.90,-0.03,0.00,1.58
4720.00,11800.00,281.00,3.38,0.00,-4.25,-0.14,0.00,1.56
4720.00,11800.00,282.00,3.51,0.00,-8.64,0.03,0.00,1.47
4720.00,11800.00,276.00,2.02,0.00,2.52,-0.08,0.00,1.45
4720.00,11800.00,277.00,0.20,0.00,-0.25,-0.10,0.00,-1.35
4720.00,11800.00,278.00,1.14,0.00,2.07,-0.02,0.00,-1.62
4720.00,11800.00,279.00,1.65,0.00,-7.29,0.14,0.00,-1.26
4720.00,11800.00,280.00,2.86,0.00,-3.27,-0.12,0.00,1.54
4720.00,11800.00,281.00,3.33,0.00,-3.61,-0.12,0.00,1.56
4720.00,11800.00,282.00,3.52,0.00,-8.05,0.08,0.00,1.52
4720.00,11800.00,276.00,1.98,0.00,3.12,0.11,0.00,1.51
4720.00,11800.00,277.00,0.13,0.00,-0.77,-0.13,0.00,-1.35
4720.00,11800.00,278.00,1.18,0.00,1.43,0.05,0.00,-1.55
4720.00,11800.00,279.00,1.75,0.00,-7.78,0.26,0.00,-1.24
4720.00,11800.00,280.00,2.80,0.00,-2.67,-0.10,0.00,1.51
4720.00,11800.00,281.00,3.29,0.00,-3.00,-0.08,0.00,1.50
4720.00,11800.00,282.00,3.57,0.00,-7.43,0.13,0.00,1.64
4730.00,11800.00,276.00,2.11,0.00,3.72,0.31,0.00,1.52
4730.00,11800.00,277.00,0.10,0.00,-1.33,0.11,0.00,-1.43
4730.00,11800.00,278.00,1.19,0.00,0.83,-0.02,0.00,-1.57
4730.00,11800.00,279.00,1.85,0.00,-8.28,0.18,0.00,-1.34
4730.00,11800.00,280.00,2.78,0.00,-2.05,-0.10,0.00,1.51
4730.00,11800.00,281.00,3.26,0.00,-2.41,-0.06,0.00,1.45
4730.00,11800.00,282.00,3.62,0.00,-6.74,0.06,0.00,1.62
4730.00,11800.00,277.00,0.22,0.00,-1.91,0.18,0.00,-1.39
4730.00,11800.00,278.00,1.17,0.00,0.17,0.05,0.00,-1.65
4730.00,11800.00,279.00,1.90,0.00,-8.85,0.22,0.00,-1.39
4730.00,11800.00,280.00,2.72,0.00,-1.46,-0.08,0.00,1.44
4730.00,11800.00,281.00,3.24,0.00,-1.84,-0.04,0.00,1.43
4730.00,11800.00,282.00,3.62,0.00,-6.13,-0.01,0.00,1.55
4740.00,11800.00,277.00,0.24,0.00,-2.44,0.04,0.00,-1.37
4740.00,11800.00,278.00,1.22,0.00,-0.50,0.07,0.00,-1.66
4740.00,11800.00,279.00,2.03,0.00,-9.40,0.34,0.00,-1.37
4740.00,11800.00,280.00,2.71,0.00,-0.90,-0.04,0.00,1.41
4740.00,11800.00,281.00,3.24,0.00,-1.27,-0.03,0.00,1.45
4740.00,11800.00,282.00,3.62,0.00,-5.51,-0.01,0.00,1.57
4740.00,11900.00,277.00,0.25,0.00,-3.01,0.14,0.00,-1.41
4740.00,11900.00,278.00,1.22,0.00,-1.16,0.05,0.00,-1.66
4740.00,11900.00,280.00,2.69,0.00,-0.33,-0.10,0.00,1.47
4740.00,11900.00,281.00,3.21,0.00,-0.68,-0.10,0.00,1.46
4740.00,11900.00,282.00,3.62,0.00,-4.88,0.01,0.00,1.49
4740.00,11900.00,277.00,0.35,0.00,-3.56,0.22,0.00,-1.57
4740.00,11900.00,278.00,1.26,0.00,-1.82,0.12,0.00,-1.67
4740.00,11900.00,280.00,2.63,0.00,0.27,-0.08,0.00,1.46
4740.00,11900.00,281.00,3.15,0.00,-0.10,0.05,0.00,1.73
4740.00,11900.00,282.00,3.63,0.00,-4.31,-0.25,0.00,1.55
4750.00,11900.00,277.00,0.43,0.00,-4.26,-0.11,0.00,-1.43
4750.00,11900.00,278.00,1.32,0.00,-2.49,0.09,0.00,-1.69
4750.00,11900.00,280.00,2.63,0.00,0.84,-0.04,0.00,1.43
4750.00,11900.00,281.00,3.25,0.00,0.70,0.07,0.00,1.75
4750.00,11900.00,282.00,3.41,0.00,-3.64,-0.36,0.00,1.58
4750.00,11900.00,277.00,0.27,0.00,-4.71,-0.12,0.00,-1.33
4750.00,11900.00,278.00,1.34,0.00,-3.17,0.14,0.00,-1.74
4750.00,11900.00,280.00,2.60,0.00,1.41,-0.13,0.00,1.47
4750.00,11900.00,281.00,3.21,0.00,1.30,-0.10,0.00,1.48
4750.00,11900.00,282.00,3.34,0.00,-3.05,-0.26,0.00,1.48
4760.00,11900.00,277.00,0.33,0.00,-5.32,0.01,0.00,-1.52
4760.00,11900.00,278.00,1.43,0.00,-3.88,0.11,0.00,-1.76
4760.00,11900.00,280.00,2.53,0.00,2.02,-0.08,0.00,1.44
4760.00,11900.00,281.00,3.17,0.00,1.89,0.01,0.00,1.46
4760.00,11900.00,282.00,3.21,0.00,-2.46,-0.30,0.00,1.46
4760.00,11900.00,277.00,0.27,0.00,-5.93,-0.18,0.00,-1.48
4760.00,11900.00,278.00,1.43,0.00,-4.58,-0.03,0.00,-1.75
4760.00,11900.00,280.00,2.54,0.00,2.56,0.03,0.00,1.37
4760.00,11900.00,281.00,3.22,0.00,2.46,0.05,0.00,1.40
4760.00,11900.00,282.00,3.10,0.00,-1.88,-0.17,0.00,1.47
4760.00,11900.00,277.00,0.18,0.00,-6.51,-0.08,0.00,-1.39
4760.00,11900.00,278.00,1.41,0.00,-5.28,-0.01,0.00,-1.78
4760.00,11900.00,281.00,3.21,0.00,3.01,-0.02,0.00,1.37
4760.00,11900.00,282.00,3.07,0.00,-1.29,-0.06,0.00,1.48
4770.00,11900.00,277.00,0.21,0.00,-7.04,-0.13,0.00,-1.47
4770.00,11900.00,278.00,1.42,0.00,-6.01,-0.05,0.00,-1.83
4770.00,11900.00,282.00,3.05,0.00,-0.70,-0.03,0.00,1.48
4770.00,11900.00,283.00,3.60,0.00,-9.22,0.03,0.00,1.47
4770.00,11900.00,277.00,0.08,0.00,-7.68,-0.19,0.00,-1.69
4770.00,11900.00,278.00,1.36,0.00,-6.74,-0.05,0.00,-1.80
4770.00,11900.00,282.00,3.05,0.00,-0.11,0.04,0.00,1.61
4770.00,11900.00,283.00,3.61,0.00,-8.63,-0.03,0.00,1.50
4780.00,11900.00,277.00,0.06,0.00,-8.40,0.03,0.00,-1.61
4780.00,11900.00,278.00,1.38,0.00,-7.45,-0.06,0.00,-1.86
4780.00,11900.00,282.00,3.08,0.00,0.59,0.04,0.00,1.61
4780.00,11900.00,283.00,3.57,0.00,-8.02,-0.03,0.00,1.55
4780.00,12000.00,277.00,0.10,0.00,-8.97,0.16,0.00,-1.44
4780.00,12000.00,278.00,1.32,0.00,-8.23,-0.13,0.00,-1.83
4780.00,12000.00,282.00,3.08,0.00,1.18,0.03,0.00,1.41
4780.00,12000.00,283.00,3.59,0.00,-7.39,-0.03,0.00,1.57
4780.00,12000.00,277.00,0.18,0.00,-9.55,0.21,0.00,-1.44
4780.00,12000.00,278.00,1.28,0.00,-8.91,-0.09,0.00,-1.71
4780.00,12000.00,282.00,3.11,0.00,1.72,0.05,0.00,1.38
4780.00,12000.00,283.00,3.55,0.00,-6.76,-0.10,0.00,1.53
4790.00,12000.00,282.00,3.12,0.00,2.29,-0.01,0.00,1.42
4790.00,12000.00,283.00,3.51,0.00,-6.16,-0.12,0.00,1.53
4790.00,12000.00,282.00,3.10,0.00,2.86,-0.04,0.00,1.32
4790.00,12000.00,283.00,3.46,0.00,-5.53,-0.18,0.00,1.59
4800.00,12000.00,282.00,3.09,0.00,3.35,-0.02,0.00,1.22
4800.00,12000.00,283.00,3.36,0.00,-4.89,-0.23,0.00,1.59
4980.00,12400.00,284.00,0.95,0.00,1.66,0.18,0.00,-1.78
4980.00,12400.00,285.00,1.44,0.00,1.68,0.18,0.00,-1.77
4980.00,12500.00,284.00,1.02,0.00,0.95,0.09,0.00,-1.81
4980.00,12500.00,285.00,1.51,0.00,0.98,0.09,0.00,-1.78
4980.00,12500.00,286.00,-0.26,0.00,-3.17,-0.02,0.00,1.27
4980.00,12500.00,287.00,3.65,0.00,-5.18,-0.27,0.00,1.59
4980.00,12500.00,288.00,3.09,0.00,-7.33,-0.18,0.00,1.69
4980.00,12500.00,284.00,1.02,0.00,0.21,0.04,0.00,-1.78
4980.00,12500.00,285.00,1.51,0.00,0.26,0.07,0.00,-1.75
4980.00,12500.00,286.00,-0.27,0.00,-2.66,0.01,0.00,1.35
4980.00,12500.00,287.00,3.54,0.00,-4.54,-0.14,0.00,1.51
4980.00,12500.00,288.00,3.02,0.00,-6.66,-0.18,0.00,1.67
4990.00,12500.00,284.00,1.06,0.00,-0.47,0.00,0.00,-1.75
4990.00,12500.00,285.00,1.56,0.00,-0.43,0.02,0.00,-1.75
4990.00,12500.00,286.00,-0.26,0.00,-2.09,-0.04,0.00,1.45
4990.00,12500.00,287.00,3.54,0.00,-3.97,-0.03,0.00,1.45
4990.00,12500.00,288.00,2.95,0.00,-6.00,-0.14,0.00,1.62
4990.00,12500.00,284.00,1.02,0.00,-1.19,-0.05,0.00,-1.75
4990.00,12500.00,285.00,1.52,0.00,-1.14,-0.07,0.00,-1.71
4990.00,12500.00,286.00,-0.30,0.00,-1.50,0.01,0.00,1.42
4990.00,12500.00,287.00,3.52,0.00,-3.38,-0.01,0.00,1.44
4990.00,12500.00,288.00,2.91,0.00,-5.36,-0.05,0.00,1.58
4990.00,12500.00,289.00,2.98,0.00,-7.05,-0.01,0.00,1.53
5000.00,12500.00,284.00,1.02,0.00,-1.87,-0.10,0.00,-1.79
5000.00,12500.00,285.00,1.51,0.00,-1.79,-0.05,0.00,-1.79
5000.00,12500.00,286.00,-0.25,0.00,-0.96,0.15,0.00,1.38
5000.00,12500.00,287.00,3.53,0.00,-2.81,0.03,0.00,1.39
5000.00,12500.00,288.00,2.91,0.00,-4.73,-0.07,0.00,1.64
5000.00,12500.00,289.00,2.98,0.00,-6.43,-0.14,0.00,1.54
5000.00,12500.00,284.00,0.94,0.00,-2.62,-0.17,0.00,-1.84
5000.00,12500.00,285.00,1.48,0.00,-2.57,-0.13,0.00,-1.83
5000.00,12500.00,286.00,-0.18,0.00,-0.40,0.10,0.00,1.38
5000.00,12500.00,287.00,3.54,0.00,-2.27,-0.04,0.00,1.40
5000.00,12500.00,288.00,2.85,0.00,-4.05,-0.18,0.00,1.70
5000.00,12500.00,289.00,2.87,0.00,-5.81,-0.21,0.00,1.53
5000.00,12500.00,290.00,3.58,0.00,-7.51,0.00,0.00,1.62
5000.00,12500.00,284.00,0.88,0.00,-3.34,-0.03,0.00,-1.83
5000.00,12500.00,285.00,1.41,0.00,-3.26,-0.05,0.00,-1.82
5000.00,12500.00,286.00,-0.17,0.00,0.15,0.13,0.00,1.32
5000.00,12500.00,287.00,3.50,0.00,-1.70,-0.10,0.00,1.41
5000.00,12500.00,288.00,2.76,0.00,-3.37,-0.35,0.00,1.59
5000.00,12500.00,289.00,2.81,0.00,-5.21,-0.10,0.00,1.59
5000.00,12500.00,290.00,3.58,0.00,-6.86,0.15,0.00,1.66
5000.00,12500.00,291.00,2.72,0.00,-8.56,-0.18,0.00,1.65
5010.00,12500.00,284.00,0.91,0.00,-4.09,0.01,0.00,-1.91
5010.00,12500.00,285.00,1.44,0.00,-4.02,-0.01,0.00,-1.90
5010.00,12500.00,286.00,-0.08,0.00,0.66,0.17,0.00,1.31
5010.00,12500.00,287.00,3.46,0.00,-1.14,-0.06,0.00,1.30
5010.00,12500.00,288.00,2.58,0.00,-2.78,-0.53,0.00,1.57
5010.00,12500.00,289.00,2.79,0.00,-4.54,-0.21,0.00,1.58
5010.00,12500.00,290.00,3.71,0.00,-6.18,0.26,0.00,1.60
5010.00,12500.00,291.00,2.64,0.00,-7.90,-0.38,0.00,1.74
5010.00,12500.00,292.00,-0.85,0.00,2.36,0.00,0.00,0.00
5010.00,12500.00,293.00,-0.81,0.00,4.04,0.00,0.00,0.00
5010.00,12500.00,294.00,-0.39,0.00,4.29,-0.02,0.00,-0.40
5010.00,12500.00,284.00,0.88,0.00,-4.87,-0.01,0.00,-1.91
5010.00,12500.00,285.00,1.40,0.00,-4.78,-0.03,0.00,-1.85
5010.00,12500.00,286.00,-0.03,0.00,1.20,-0.01,0.00,1.49
5010.00,12500.00,287.00,3.45,0.00,-0.65,-0.06,0.00,1.33
5010.00,12500.00,288.00,2.34,0.00,-2.12,-0.55,0.00,1.58
5010.00,12500.00,289.00,2.64,0.00,-3.95,-0.33,0.00,1.49
5010.00,12500.00,290.00,3.79,0.00,-5.58,0.17,0.00,1.55
5010.00,12500.00,291.00,2.41,0.00,-7.16,-0.22,0.00,1.88
5010.00,12500.00,292.00,-0.85,0.00,2.36,0.00,0.00,0.00
5010.00,12500.00,293.00,-0.81,0.00,4.04,0.00,0.00,0.00
5010.00,12500.00,294.00,-0.40,0.00,4.13,-0.02,0.00,-0.30
5020.00,12500.00,284.00,0.90,0.00,-5.62,-0.06,0.00,-1.89
5020.00,12500.00,285.00,1.41,0.00,-5.50,-0.06,0.00,-1.85
5020.00,12500.00,286.00,-0.09,0.00,1.85,0.01,0.00,1.46
5020.00,12500.00,287.00,3.41,0.00,-0.08,-0.06,0.00,1.42
5020.00,12500.00,288.00,2.13,0.00,-1.52,-0.59,0.00,1.44
5020.00,12500.00,289.00,2.53,0.00,-3.35,-0.33,0.00,1.50
5020.00,12500.00,290.00,3.84,0.00,-4.94,0.27,0.00,1.73
5020.00,12500.00,291.00,2.47,0.00,-6.39,-0.06,0.00,1.84
5020.00,12500.00,292.00,-0.85,0.00,2.36,0.00,0.00,0.00
5020.00,12500.00,293.00,-0.81,0.00,4.04,0.00,0.00,0.00
5020.00,12500.00,294.00,-0.40,0.00,4.05,-0.02,0.00,0.10
5020.00,12600.00,284.00,0.84,0.00,-6.38,-0.18,0.00,-1.88
5020.00,12600.00,285.00,1.35,0.00,-6.26,-0.16,0.00,-1.95
5020.00,12600.00,286.00,-0.02,0.00,2.37,0.15,0.00,1.26
5020.00,12600.00,287.00,3.40,0.00,0.48,-0.04,0.00,1.37
5020.00,12600.00,288.00,1.87,0.00,-0.97,-0.59,0.00,1.40
5020.00,12600.00,289.00,2.38,0.00,-2.75,-0.50,0.00,1.40
5020.00,12600.00,290.00,4.01,0.00,-4.20,0.25,0.00,1.71
5020.00,12600.00,291.00,2.36,0.00,-5.69,-0.20,0.00,1.76
5020.00,12600.00,292.00,-0.85,0.00,2.36,0.00,0.00,0.00
5020.00,12600.00,293.00,-0.81,0.00,4.04,0.00,0.00,0.00
5020.00,12600.00,294.00,-0.41,0.00,4.21,-0.02,0.00,0.05
5020.00,12600.00,284.00,0.76,0.00,-7.12,-0.14,0.00,-2.01
5020.00,12600.00,285.00,1.29,0.00,-7.06,-0.04,0.00,-2.01
5020.00,12600.00,286.00,0.03,0.00,2.86,0.05,0.00,1.25
5020.00,12600.00,287.00,3.38,0.00,1.01,0.05,0.00,1.40
5020.00,12600.00,288.00,1.66,0.00,-0.40,-0.50,0.00,1.36
5020.00,12600.00,289.00,2.13,0.00,-2.23,-0.47,0.00,1.42
5020.00,12600.00,290.00,4.04,0.00,-3.58,0.23,0.00,1.48
5020.00,12600.00,291.00,2.31,0.00,-4.99,-0.06,0.00,1.77
5020.00,12600.00,292.00,-0.85,0.00,2.36,0.00,0.00,0.00
5020.00,12600.00,293.00,-0.81,0.00,4.04,0.00,0.00,0.00
5020.00,12600.00,294.00,-0.42,0.00,4.09,-0.01,0.00,-0.23
5030.00,12600.00,284.00,0.73,0.00,-7.99,-0.06,0.00,-2.00
5030.00,12600.00,285.00,1.32,0.00,-7.87,0.01,0.00,-1.84
5030.00,12600.00,286.00,0.02,0.00,3.37,0.09,0.00,1.22
5030.00,12600.00,287.00,3.44,0.00,1.61,0.13,0.00,1.49
5030.00,12600.00,288.00,1.46,0.00,0.13,-0.53,0.00,1.35
5030.00,12600.00,289.00,2.00,0.00,-1.62,-0.36,0.00,1.46
5030.00,12600.00,290.00,4.19,0.00,-3.01,0.38,0.00,1.41
5030.00,12600.00,291.00,2.31,0.00,-4.27,0.01,0.00,1.81
5030.00,12600.00,292.00,-0.85,0.00,2.36,0.00,0.00,0.00
5030.00,12600.00,293.00,-0.81,0.00,4.04,0.00,0.00,0.00
5030.00,12600.00,294.00,-0.42,0.00,4.03,-0.01,0.00,-0.10
5030.00,12600.00,284.00,0.71,0.00,-8.72,0.13,0.00,-1.83
5030.00,12600.00,285.00,1.30,0.00,-8.53,0.10,0.00,-1.92
5030.00,12600.00,286.00,0.11,0.00,3.84,0.12,0.00,1.19
5030.00,12600.00,287.00,3.48,0.00,2.21,-0.02,0.00,1.34
5030.00,12600.00,288.00,1.23,0.00,0.68,-0.51,0.00,1.32
5030.00,12600.00,289.00,1.84,0.00,-1.06,-0.39,0.00,1.34
5030.00,12600.00,291.00,2.31,0.00,-3.54,0.14,0.00,1.77
5030.00,12600.00,292.00,-0.85,0.00,2.36,0.00,0.00,0.00
5030.00,12600.00,293.00,-0.81,0.00,4.04,0.00,0.00,0.00
5030.00,12600.00,294.00,-0.42,0.00,4.01,-0.06,0.00,0.26
5040.00,12600.00,284.00,0.84,0.00,-9.46,0.07,0.00,-1.75
5040.00,12600.00,285.00,1.40,0.00,-9.40,0.25,0.00,-2.18
5040.00,12600.00,286.00,0.11,0.00,4.32,0.02,0.00,1.20
5040.00,12600.00,287.00,3.43,0.00,2.68,-0.09,0.00,1.28
5040.00,12600.00,288.00,1.06,0.00,1.19,-0.52,0.00,1.21
5040.00,12600.00,289.00,1.69,0.00,-0.54,-0.26,0.00,1.50
5040.00,12600.00,291.00,2.43,0.00,-2.86,0.12,0.00,1.79
5040.00,12600.00,292.00,-0.85,0.00,2.36,0.00,0.00,0.00
5040.00,12600.00,293.00,-0.81,0.00,4.04,0.00,0.00,0.00
5040.00,12600.00,294.00,-0.47,0.00,4.24,-0.05,0.00,0.34
5040.00,12600.00,295.00,3.69,0.00,-2.74,-0.54,0.00,1.68
5040.00,12600.00,284.00,0.76,0.00,-10.10,-0.19,0.00,-1.67
5040.00,12600.00,287.00,3.41,0.00,3.23,-0.05,0.00,1.22
5040.00,12600.00,288.00,0.82,0.00,1.65,-0.50,0.00,1.11
5040.00,12600.00,289.00,1.63,0.00,0.14,-0.22,0.00,1.55
5040.00,12600.00,291.00,2.41,0.00,-2.11,-0.20,0.00,1.73
5040.00,12600.00,292.00,-0.85,0.00,2.36,0.00,0.00,0.00
5040.00,12600.00,293.00,-0.81,0.00,4.04,0.00,0.00,0.00
5040.00,12600.00,294.00,-0.47,0.00,4.28,0.07,0.00,-0.04
5040.00,12600.00,295.00,3.48,0.00,-2.07,-0.42,0.00,1.72
5040.00,12600.00,287.00,3.39,0.00,3.66,-0.03,0.00,1.07
5040.00,12600.00,288.00,0.65,0.00,2.07,-0.46,0.00,1.10
5040.00,12600.00,289.00,1.51,0.00,0.70,-0.13,0.00,1.39
5040.00,12600.00,291.00,2.26,0.00,-1.47,-0.03,0.00,1.63
5040.00,12600.00,292.00,-0.85,0.00,2.36,0.00,0.00,0.00
5040.00,12600.00,293.00,-0.81,0.00,4.04,0.00,0.00,0.00
5040.00,12600.00,294.00,-0.41,0.00,4.21,0.01,0.00,-0.21
5040.00,12600.00,295.00,3.36,0.00,-1.36,-0.31,0.00,1.73
5050.00,12600.00,288.00,0.45,0.00,2.53,-0.54,0.00,1.00
5050.00,12600.00,289.00,1.53,0.00,1.25,0.01,0.00,1.37
5050.00,12600.00,291.00,2.39,0.00,-0.80,0.14,0.00,1.71
5050.00,12600.00,292.00,-0.85,0.00,2.36,0.00,0.00,0.00
5050.00,12600.00,293.00,-0.81,0.00,4.04,0.00,0.00,0.00
5050.00,12600.00,294.00,-0.46,0.00,4.12,-0.03,0.00,-0.07
5050.00,12600.00,295.00,3.23,0.00,-0.68,-0.29,0.00,1.70
5050.00,12600.00,288.00,0.22,0.00,2.87,-0.34,0.00,0.69
5050.00,12600.00,289.00,1.52,0.00,1.79,-0.16,0.00,1.34
5050.00,12600.00,291.00,2.37,0.00,-0.11,-0.02,0.00,1.68
5050.00,12600.00,292.00,-0.85,0.00,2.36,0.00,0.00,0.00
5050.00,12600.00,293.00,-0.81,0.00,4.04,0.00,0.00,0.00
5050.00,12600.00,294.00,-0.43,0.00,4.16,0.02,0.00,0.00
5050.00,12600.00,295.00,3.12,0.00,0.00,-0.16,0.00,1.71
5060.00,12600.00,288.00,0.18,0.00,3.08,-0.18,0.00,0.61
5060.00,12600.00,289.00,1.40,0.00,2.33,-0.20,0.00,1.38
5060.00,12600.00,291.00,2.37,0.00,0.55,-0.07,0.00,1.61
5060.00,12600.00,292.00,-0.85,0.00,2.36,0.00,0.00,0.00
5060.00,12600.00,293.00,-0.81,0.00,4.04,0.00,0.00,0.00
5060.00,12600.00,294.00,-0.44,0.00,4.12,-0.01,0.00,-0.13
5060.00,12600.00,295.00,3.11,0.00,0.69,-0.04,0.00,1.77
5060.00,12700.00,288.00,0.08,0.00,3.36,-0.20,0.00,0.31
5060.00,12700.00,289.00,1.36,0.00,2.89,-0.25,0.00,1.36
5060.00,12700.00,291.00,2.32,0.00,1.18,-0.01,0.00,1.55
5060.00,12700.00,292.00,-0.85,0.00,2.36,0.00,0.00,0.00
5060.00,12700.00,293.00,-0.81,0.00,4.04,0.00,0.00,0.00
5060.00,12700.00,294.00,-0.44,0.00,4.06,0.03,0.00,0.05
5060.00,12700.00,295.00,3.09,0.00,1.41,0.07,0.00,1.65
5060.00,12700.00,288.00,0.02,0.00,3.33,-0.10,0.00,0.02
5060.00,12700.00,289.00,1.20,0.00,3.42,-0.58,0.00,1.33
5060.00,12700.00,291.00,2.37,0.00,1.79,0.13,0.00,1.53
5060.00,12700.00,292.00,-0.85,0.00,2.36,0.00,0.00,0.00
5060.00,12700.00,293.00,-0.81,0.00,4.04,0.00,0.00,0.00
5060.00,12700.00,294.00,-0.42,0.00,4.15,0.03,0.00,0.02
5060.00,12700.00,295.00,3.16,0.00,2.01,0.11,0.00,1.54
5070.00,12700.00,288.00,0.00,0.00,3.37,-0.02,0.00,0.08
5070.00,12700.00,289.00,0.89,0.00,3.95,-0.77,0.00,1.34
5070.00,12700.00,291.00,2.42,0.00,2.41,0.13,0.00,1.55
5070.00,12700.00,292.00,-0.85,0.00,2.36,0.00,0.00,0.00
5070.00,12700.00,293.00,-0.81,0.00,4.04,0.00,0.00,0.00
5070.00,12700.00,294.00,-0.42,0.00,4.07,-0.01,0.00,-0.15
5070.00,12700.00,295.00,3.18,0.00,2.65,0.04,0.00,1.60
5070.00,12700.00,288.00,0.00,0.00,3.39,0.00,0.00,0.02
5070.00,12700.00,292.00,-0.85,0.00,2.36,0.00,0.00,0.00
5070.00,12700.00,293.00,-0.81,0.00,4.04,0.00,0.00,0.00
5070.00,12700.00,294.00,-0.42,0.00,4.03,0.00,0.00,-0.08
5080.00,12700.00,288.00,0.00,0.00,3.39,0.00,0.00,0.00
5080.00,12700.00,292.00,-0.85,0.00,2.36,0.00,0.00,0.00
5080.00,12700.00,293.00,-0.81,0.00,4.04,0.00,0.00,0.00
5080.00,12700.00,294.00,-0.42,0.00,4.01,0.00,0.00,-0.05
5080.00,12700.00,288.00,0.00,0.00,3.39,0.00,0.00,0.00
5080.00,12700.00,292.00,-0.85,0.00,2.36,0.00,0.00,0.00
5080.00,12700.00,293.00,-0.81,0.00,4.04,0.00,0.00,0.00
5080.00,12700.00,294.00,-0.43,0.00,3.99,0.00,0.00,-0.03
5080.00,12700.00,296.00,1.28,0.00,3.16,-0.13,0.00,-1.52
5080.00,12700.00,297.00,1.84,0.00,3.22,-0.13,0.00,-1.51
5080.00,12700.00,288.00,0.00,0.00,3.39,0.00,0.00,0.00
5080.00,12700.00,292.00,-0.85,0.00,2.36,0.00,0.00,0.00
5080.00,12700.00,293.00,-0.81,0.00,4.04,0.00,0.00,0.00
5080.00,12700.00,294.00,-0.43,0.00,3.99,0.00,0.00,0.00
5080.00,12700.00,296.00,1.23,0.00,2.55,-0.16,0.00,-1.52
5080.00,12700.00,297.00,1.79,0.00,2.62,-0.08,0.00,-1.52
5090.00,12700.00,288.00,0.00,0.00,3.39,0.00,0.00,0.00
5090.00,12700.00,292.00,-0.85,0.00,2.36,0.00,0.00,0.00
5090.00,12700.00,293.00,-0.81,0.00,4.04,0.00,0.00,0.00
5090.00,12700.00,294.00,-0.43,0.00,3.99,0.00,0.00,0.00
5090.00,12700.00,296.00,1.16,0.00,1.95,-0.07,0.00,-1.66
5090.00,12700.00,297.00,1.77,0.00,2.01,0.02,0.00,-1.66
5090.00,12700.00,288.00,0.00,0.00,3.39,0.00,0.00,0.00
5090.00,12700.00,292.00,-0.85,0.00,2.36,0.00,0.00,0.00
5090.00,12700.00,293.00,-0.81,0.00,4.04,0.00,0.00,0.00
5090.00,12700.00,294.00,-0.43,0.00,3.99,0.00,0.00,0.00
5090.00,12700.00,296.00,1.17,0.00,1.23,-0.05,0.00,-1.71
5090.00,12700.00,297.00,1.81,0.00,1.29,0.00,0.00,-1.68
5100.00,12700.00,288.00,0.00,0.00,3.39,0.18,0.00,0.14
5100.00,12700.00,292.00,-0.85,0.00,2.36,0.00,0.00,0.00
5100.00,12700.00,293.00,-0.81,0.00,4.04,0.00,0.00,0.00
5100.00,12700.00,294.00,-0.43,0.00,3.99,0.00,0.00,0.00
5100.00,12700.00,296.00,1.12,0.00,0.58,-0.04,0.00,-1.62
5100.00,12700.00,297.00,1.77,0.00,0.66,-0.04,0.00,-1.61
5100.00,12700.00,298.00,3.57,0.00,-4.11,0.13,0.00,1.55
5100.00,12800.00,288.00,0.14,0.00,3.51,0.35,0.00,0.29
5100.00,12800.00,292.00,-0.85,0.00,2.36,0.00,0.00,0.00
5100.00,12800.00,293.00,-0.81,0.00,4.04,0.00,0.00,0.00
5100.00,12800.00,294.00,-0.43,0.00,3.99,0.00,0.00,0.00
5100.00,12800.00,296.00,1.14,0.00,-0.06,-0.07,0.00,-1.62
5100.00,12800.00,297.00,1.77,0.00,0.00,0.09,0.00,-1.80
5100.00,12800.00,298.00,3.62,0.00,-3.49,0.06,0.00,1.51
5100.00,12800.00,296.00,1.06,0.00,-0.71,-0.16,0.00,-1.60
5100.00,12800.00,297.00,1.84,0.00,-0.78,0.02,0.00,-1.77
5100.00,12800.00,298.00,3.61,0.00,-2.90,-0.01,0.00,1.44
5110.00,12800.00,296.00,1.01,0.00,-1.35,-0.02,0.00,-1.65
5110.00,12800.00,297.00,1.79,0.00,-1.41,-0.07,0.00,-1.61
5110.00,12800.00,298.00,3.61,0.00,-2.34,0.28,0.00,1.55
5110.00,12800.00,296.00,1.04,0.00,-2.03,-0.05,0.00,-1.72
5110.00,12800.00,297.00,1.79,0.00,-2.07,-0.07,0.00,-1.66
5110.00,12800.00,298.00,3.84,0.00,-1.66,0.31,0.00,1.59
5120.00,12800.00,296.00,0.97,0.00,-2.73,-0.03,0.00,-1.73
5120.00,12800.00,297.00,1.73,0.00,-2.74,-0.02,0.00,-1.69
5120.00,12800.00,298.00,3.85,0.00,-1.06,-0.03,0.00,1.44
5120.00,12800.00,299.00,3.46,0.00,-7.10,0.10,0.00,1.96
5120.00,12800.00,300.00,2.37,0.00,-8.32,0.11,0.00,1.93
5120.00,12800.00,301.00,3.01,0.00,-8.77,0.10,0.00,1.87
5120.00,12800.00,296.00,1.02,0.00,-3.42,0.04,0.00,-1.76
5120.00,12800.00,297.00,1.77,0.00,-3.42,-0.10,0.00,-1.74
5120.00,12800.00,298.00,3.81,0.00,-0.51,-0.02,0.00,1.36
5120.00,12800.00,299.00,3.50,0.00,-6.32,0.08,0.00,1.93
5120.00,12800.00,300.00,2.41,0.00,-7.54,0.13,0.00,1.88
5120.00,12800.00,301.00,3.05,0.00,-8.02,0.08,0.00,1.87
5120.00,12800.00,296.00,1.00,0.00,-4.14,-0.13,0.00,-1.90
5120.00,12800.00,297.00,1.66,0.00,-4.13,-0.26,0.00,-1.70
5120.00,12800.00,298.00,3.84,0.00,0.03,0.02,0.00,1.55
5120.00,12800.00,299.00,3.53,0.00,-5.56,0.01,0.00,1.89
5120.00,12800.00,300.00,2.47,0.00,-6.81,0.16,0.00,1.70
5120.00,12800.00,301.00,3.08,0.00,-7.27,0.06,0.00,2.02
5130.00,12800.00,296.00,0.92,0.00,-4.94,-0.06,0.00,-1.91
5130.00,12800.00,297.00,1.56,0.00,-4.78,-0.19,0.00,-1.78
5130.00,12800.00,298.00,3.82,0.00,0.73,0.10,0.00,1.44
5130.00,12800.00,299.00,3.51,0.00,-4.81,-0.06,0.00,1.87
5130.00,12800.00,300.00,2.54,0.00,-6.18,0.16,0.00,1.77
5130.00,12800.00,301.00,3.10,0.00,-6.41,0.09,0.00,2.04
5130.00,12800.00,296.00,0.95,0.00,-5.66,-0.10,0.00,-1.83
5130.00,12800.00,297.00,1.50,0.00,-5.55,-0.06,0.00,-1.92
5130.00,12800.00,298.00,3.92,0.00,1.18,0.24,0.00,1.13
5130.00,12800.00,299.00,3.48,0.00,-4.06,-0.33,0.00,1.80
5130.00,12800.00,300.00,2.60,0.00,-5.39,0.01,0.00,1.91
5130.00,12800.00,301.00,3.15,0.00,-5.64,-0.01,0.00,1.90
5140.00,12800.00,296.00,0.84,0.00,-6.40,-0.12,0.00,-1.76
5140.00,12800.00,297.00,1.52,0.00,-6.32,-0.01,0.00,-1.88
5140.00,12800.00,299.00,3.25,0.00,-3.37,-0.63,0.00,1.69
5140.00,12800.00,300.00,2.55,0.00,-4.65,-0.06,0.00,1.89
5140.00,12800.00,301.00,3.10,0.00,-4.89,-0.08,0.00,1.88
5140.00,12900.00,296.00,0.86,0.00,-7.07,-0.02,0.00,-1.67
5140.00,12900.00,297.00,1.49,0.00,-7.06,-0.15,0.00,-1.77
5140.00,12900.00,299.00,2.98,0.00,-2.71,-0.88,0.00,1.68
5140.00,12900.00,300.00,2.55,0.00,-3.88,0.01,0.00,1.90
5140.00,12900.00,301.00,3.08,0.00,-4.14,-0.04,0.00,1.85
5140.00,12900.00,296.00,0.82,0.00,-7.73,-0.17,0.00,-1.68
5140.00,12900.00,297.00,1.40,0.00,-7.73,-0.19,0.00,-1.70
5140.00,12900.00,299.00,2.54,0.00,-2.02,-1.22,0.00,1.39
5140.00,12900.00,300.00,2.56,0.00,-3.13,-0.13,0.00,1.82
5140.00,12900.00,301.00,3.07,0.00,-3.41,-0.03,0.00,2.04
5150.00,12900.00,296.00,0.72,0.00,-8.42,-0.07,0.00,-1.74
5150.00,12900.00,297.00,1.34,0.00,-8.41,0.06,0.00,-1.82
5150.00,12900.00,299.00,2.00,0.00,-1.60,-1.32,0.00,1.17
5150.00,12900.00,300.00,2.45,0.00,-2.43,-0.01,0.00,1.90
5150.00,12900.00,301.00,3.06,0.00,-2.50,0.09,0.00,2.08
5150.00,12900.00,302.00,2.76,0.00,-10.10,0.40,0.00,1.62
5150.00,12900.00,296.00,0.76,0.00,-9.13,-0.10,0.00,-1.80
5150.00,12900.00,297.00,1.45,0.00,-9.18,0.04,0.00,-1.84
5150.00,12900.00,299.00,1.49,0.00,-1.09,-1.31,0.00,1.15
5150.00,12900.00,300.00,2.55,0.00,-1.61,0.09,0.00,2.04
5150.00,12900.00,301.00,3.14,0.00,-1.75,0.10,0.00,1.90
5150.00,12900.00,302.00,2.92,0.00,-9.48,0.26,0.00,1.87
5160.00,12900.00,296.00,0.64,0.00,-9.85,-0.29,0.00,-1.81
5160.00,12900.00,297.00,1.37,0.00,-9.89,-0.19,0.00,-1.75
5160.00,12900.00,299.00,0.95,0.00,-0.68,-1.47,0.00,1.13
5160.00,12900.00,300.00,2.52,0.00,-0.80,0.01,0.00,1.82
5160.00,12900.00,301.00,3.14,0.00,-0.98,0.14,0.00,1.84
5160.00,12900.00,302.00,2.97,0.00,-8.63,0.10,0.00,1.88
5160.00,12900.00,299.00,0.32,0.00,-0.19,-1.60,0.00,1.16
5160.00,12900.00,300.00,2.55,0.00,-0.15,0.12,0.00,1.85
5160.00,12900.00,301.00,3.25,0.00,-0.28,0.12,0.00,1.77
5160.00,12900.00,302.00,3.00,0.00,-7.98,0.14,0.00,1.67
5160.00,12900.00,303.00,-1.99,0.00,0.21,0.27,0.00,-0.45
5160.00,12900.00,299.00,-0.33,0.00,0.25,-1.61,0.00,1.05
5160.00,12900.00,300.00,2.62,0.00,0.68,0.11,0.00,1.97
5160.00,12900.00,301.00,3.24,0.00,0.43,0.01,0.00,1.78
5160.00,12900.00,302.00,3.07,0.00,-7.29,0.09,0.00,1.75
5160.00,12900.00,303.00,-1.88,0.00,0.02,0.21,0.00,-0.62
5170.00,12900.00,299.00,-0.97,0.00,0.65,-1.48,0.00,1.04
5170.00,12900.00,300.00,2.64,0.00,1.43,0.12,0.00,1.77
5170.00,12900.00,301.00,3.26,0.00,1.15,0.12,0.00,1.74
5170.00,12900.00,302.00,3.08,0.00,-6.58,0.05,0.00,1.75
5170.00,12900.00,303.00,-1.82,0.00,-0.29,0.29,0.00,-0.61
5170.00,12900.00,299.00,-1.52,0.00,1.08,-1.35,0.00,1.05
5170.00,12900.00,300.00,2.71,0.00,2.10,0.16,0.00,1.69
5170.00,12900.00,301.00,3.33,0.00,1.82,0.16,0.00,1.65
5170.00,12900.00,302.00,3.11,0.00,-5.89,0.05,0.00,1.75
5170.00,12900.00,303.00,-1.65,0.00,-0.46,0.48,0.00,-0.27
5180.00,12900.00,299.00,-2.05,0.00,1.49,-1.27,0.00,1.00
5180.00,12900.00,300.00,2.77,0.00,2.78,0.14,0.00,1.69
5180.00,12900.00,301.00,3.38,0.00,2.47,0.13,0.00,1.63
5180.00,12900.00,302.00,3.12,0.00,-5.18,-0.04,0.00,1.80
5180.00,12900.00,303.00,-1.43,0.00,-0.51,0.49,0.00,-0.04
5180.00,13000.00,299.00,-2.53,0.00,1.88,-1.33,0.00,0.94
5180.00,13000.00,302.00,3.08,0.00,-4.45,0.05,0.00,1.81
5180.00,13000.00,303.00,-1.25,0.00,-0.50,0.28,0.00,0.06
5180.00,13000.00,299.00,-3.12,0.00,2.24,-1.47,0.00,0.91
5180.00,13000.00,302.00,3.16,0.00,-3.73,0.07,0.00,1.81
5180.00,13000.00,303.00,-1.21,0.00,-0.46,0.28,0.00,0.12
5190.00,13000.00,302.00,3.14,0.00,-3.00,0.11,0.00,1.61
5190.00,13000.00,303.00,-1.03,0.00,-0.40,0.23,0.00,0.10
5190.00,13000.00,302.00,3.24,0.00,-2.45,0.22,0.00,1.57
5190.00,13000.00,303.00,-1.03,0.00,-0.38,-0.07,0.00,0.04
5190.00,13000.00,304.00,2.26,0.00,3.56,0.05,0.00,-1.53
5200.00,13000.00,302.00,3.32,0.00,-1.75,0.20,0.00,1.71
5200.00,13000.00,303.00,-1.09,0.00,-0.37,-0.15,0.00,0.02
5200.00,13000.00,304.00,2.29,0.00,2.94,0.15,0.00,-1.38
5200.00,13000.00,302.00,3.41,0.00,-1.08,0.13,0.00,1.55
5200.00,13000.00,303.00,-1.15,0.00,-0.37,-0.12,0.00,0.07
5200.00,13000.00,304.00,2.39,0.00,2.45,0.13,0.00,-1.40
5200.00,13000.00,302.00,3.42,0.00,-0.51,0.17,0.00,1.44
5200.00,13000.00,303.00,-1.19,0.00,-0.32,-0.09,0.00,0.14
5200.00,13000.00,304.00,2.39,0.00,1.82,0.08,0.00,-1.54
5200.00,13000.00,305.00,1.04,0.00,-6.48,-0.61,0.00,1.67
5200.00,13000.00,306.00,1.15,0.00,3.11,0.02,0.00,-1.25
5210.00,13000.00,302.00,3.54,0.00,0.07,0.06,0.00,1.60
5210.00,13000.00,303.00,-1.22,0.00,-0.25,-0.04,0.00,0.11
5210.00,13000.00,304.00,2.45,0.00,1.22,0.19,0.00,-1.60
5210.00,13000.00,305.00,0.79,0.00,-5.81,-0.69,0.00,1.57
5210.00,13000.00,306.00,1.15,0.00,2.61,0.00,0.00,-1.29
5210.00,13000.00,302.00,3.47,0.00,0.77,0.21,0.00,1.47
5210.00,13000.00,303.00,-1.22,0.00,-0.23,0.00,0.00,0.03
5210.00,13000.00,304.00,2.54,0.00,0.54,0.15,0.00,-1.47
5210.00,13000.00,305.00,0.49,0.00,-5.22,-1.19,0.00,1.22
5210.00,13000.00,306.00,1.14,0.00,2.07,0.02,0.00,-1.32
5220.00,13000.00,302.00,3.71,0.00,1.25,0.28,0.00,1.39
5220.00,13000.00,303.00,-1.22,0.00,-0.23,0.00,0.00,0.00
5220.00,13000.00,304.00,2.57,0.00,0.04,0.20,0.00,-1.43
5220.00,13000.00,305.00,-0.16,0.00,-4.83,-1.62,0.00,0.96
5220.00,13000.00,306.00,1.17,0.00,1.55,0.05,0.00,-1.28
5220.00,13100.00,302.00,3.69,0.00,1.88,-0.05,0.00,1.56
5220.00,13100.00,303.00,-1.22,0.00,-0.23,0.00,0.00,0.00
5220.00,13100.00,304.00,2.69,0.00,-0.61,0.16,0.00,-1.67
5220.00,13100.00,306.00,1.18,0.00,1.05,-0.08,0.00,-1.34
5220.00,13100.00,303.00,-1.22,0.00,-0.23,0.00,0.00,0.00
5220.00,13100.00,304.00,2.69,0.00,-1.29,-0.04,0.00,-1.62
5220.00,13100.00,306.00,1.11,0.00,0.48,-0.18,0.00,-1.50
5220.00,13100.00,307.00,2.59,0.00,-8.63,-0.26,0.00,1.01
5230.00,13100.00,303.00,-1.22,0.00,-0.23,0.00,0.00,0.00
5230.00,13100.00,304.00,2.66,0.00,-1.90,-0.11,0.00,-1.54
5230.00,13100.00,306.00,1.04,0.00,-0.15,-0.18,0.00,-1.45
5230.00,13100.00,307.00,2.48,0.00,-8.22,-0.14,0.00,1.18
5230.00,13100.00,303.00,-1.22,0.00,-0.23,0.00,0.00,0.00
5230.00,13100.00,304.00,2.61,0.00,-2.53,-0.27,0.00,-1.57
5230.00,13100.00,306.00,0.97,0.00,-0.68,-0.29,0.00,-1.41
5230.00,13100.00,307.00,2.47,0.00,-7.69,0.02,0.00,1.27
5240.00,13100.00,303.00,-1.22,0.00,-0.23,0.00,0.00,0.00
5240.00,13100.00,304.00,2.45,0.00,-3.16,-0.36,0.00,-1.59
5240.00,13100.00,306.00,0.80,0.00,-1.28,-0.21,0.00,-1.55
5240.00,13100.00,307.00,2.50,0.00,-7.21,0.00,0.00,1.19
5240.00,13100.00,303.00,-1.22,0.00,-0.23,0.00,0.00,0.00
5240.00,13100.00,304.00,2.32,0.00,-3.80,-0.36,0.00,-1.52
5240.00,13100.00,306.00,0.81,0.00,-1.92,-0.02,0.00,-1.61
5240.00,13100.00,307.00,2.47,0.00,-6.73,-0.05,0.00,1.22
5240.00,13100.00,308.00,3.14,0.00,-8.17,0.78,0.00,1.92
5240.00,13100.00,303.00,-1.22,0.00,-0.23,0.00,0.00,0.00
5240.00,13100.00,304.00,2.16,0.00,-4.38,-0.40,0.00,-1.45
5240.00,13100.00,306.00,0.79,0.00,-2.57,-0.08,0.00,-1.47
5240.00,13100.00,307.00,2.46,0.00,-6.23,0.09,0.00,1.21
5240.00,13100.00,308.00,3.45,0.00,-7.40,0.55,0.00,1.98
5250.00,13100.00,303.00,-1.22,0.00,-0.23,0.00,0.00,0.00
5250.00,13100.00,304.00,2.00,0.00,-4.96,-0.17,0.00,-1.48
5250.00,13100.00,306.00,0.74,0.00,-3.10,0.13,0.00,-1.42
5250.00,13100.00,307.00,2.54,0.00,-5.76,0.11,0.00,1.13
5250.00,13100.00,308.00,3.58,0.00,-6.58,0.38,0.00,2.06
5250.00,13100.00,303.00,-1.22,0.00,-0.23,0.00,0.00,0.00
5250.00,13100.00,304.00,2.02,0.00,-5.56,-0.02,0.00,-1.59
5250.00,13100.00,306.00,0.89,0.00,-3.70,0.34,0.00,-1.52
5250.00,13100.00,307.00,2.55,0.00,-5.33,0.01,0.00,1.09
5250.00,13100.00,308.00,3.75,0.00,-5.75,0.31,0.00,2.03
5250.00,13100.00,309.00,-1.54,0.00,-6.73,0.00,0.00,0.00
5250.00,13100.00,310.00,-1.49,0.00,-8.22,0.00,0.00,0.00
5250.00,13100.00,311.00,-1.36,0.00,-2.68,0.00,0.00,0.00
5250.00,13100.00,312.00,-1.04,0.00,3.09,0.05,0.00,-0.01
5250.00,13100.00,313.00,-0.52,0.00,3.40,0.00,0.00,0.00
5260.00,13100.00,303.00,-1.22,0.00,-0.23,0.00,0.00,0.00
5260.00,13100.00,304.00,1.98,0.00,-6.23,0.09,0.00,-1.68
5260.00,13100.00,306.00,1.01,0.00,-4.32,0.27,0.00,-1.54
5260.00,13100.00,307.00,2.55,0.00,-4.89,0.01,0.00,1.11
5260.00,13100.00,308.00,3.82,0.00,-4.96,0.15,0.00,2.06
5260.00,13100.00,309.00,-1.54,0.00,-6.73,0.00,0.00,0.00
5260.00,13100.00,310.00,-1.49,0.00,-8.22,0.00,0.00,0.00
5260.00,13100.00,311.00,-1.36,0.00,-2.68,0.00,0.00,0.00
5260.00,13100.00,312.00,-1.02,0.00,3.09,-0.27,0.00,0.07
5260.00,13100.00,313.00,-0.52,0.00,3.40,0.00,0.00,0.00
5260.00,13200.00,303.00,-1.22,0.00,-0.23,0.00,0.00,0.00
5260.00,13200.00,304.00,2.09,0.00,-6.90,0.16,0.00,-1.76
5260.00,13200.00,306.00,1.11,0.00,-4.93,0.45,0.00,-1.58
5260.00,13200.00,307.00,2.56,0.00,-4.44,-0.11,0.00,0.98
5260.00,13200.00,308.00,3.87,0.00,-4.10,0.07,0.00,2.14
5260.00,13200.00,309.00,-1.54,0.00,-6.73,-0.02,0.00,0.03
5260.00,13200.00,310.00,-1.49,0.00,-8.22,0.02,0.00,0.00
5260.00,13200.00,311.00,-1.36,0.00,-2.68,0.00,0.00,0.00
5260.00,13200.00,312.00,-1.26,0.00,3.15,-0.58,0.00,0.15
5260.00,13200.00,313.00,-0.52,0.00,3.40,0.00,0.00,0.00
5260.00,13200.00,303.00,-1.22,0.00,-0.23,0.00,0.00,0.00
5260.00,13200.00,304.00,2.11,0.00,-7.64,0.07,0.00,-1.75
5260.00,13200.00,306.00,1.37,0.00,-5.58,0.43,0.00,-1.45
5260.00,13200.00,307.00,2.47,0.00,-4.11,-0.27,0.00,0.85
5260.00,13200.00,308.00,3.88,0.00,-3.25,0.02,0.00,2.02
5260.00,13200.00,309.00,-1.56,0.00,-6.71,-0.02,0.00,0.03
5260.00,13200.00,310.00,-1.47,0.00,-8.22,0.05,0.00,0.00
5260.00,13200.00,311.00,-1.36,0.00,-2.68,0.00,0.00,0.00
5260.00,13200.00,313.00,-0.52,0.00,3.40,0.00,0.00,0.00
5260.00,13200.00,314.00,-1.01,0.00,3.06,0.00,0.00,0.00
5270.00,13200.00,303.00,-1.22,0.00,-0.23,0.00,0.00,0.00
5270.00,13200.00,304.00,2.15,0.00,-8.30,0.12,0.00,-1.68
5270.00,13200.00,306.00,1.45,0.00,-6.09,0.22,0.00,-1.47
5270.00,13200.00,307.00,2.34,0.00,-3.76,-0.22,0.00,0.92
5270.00,13200.00,308.00,3.88,0.00,-2.49,0.00,0.00,2.09
5270.00,13200.00,309.00,-1.56,0.00,-6.71,0.00,0.00,0.00
5270.00,13200.00,310.00,-1.45,0.00,-8.22,0.03,0.00,0.05
5270.00,13200.00,311.00,-1.36,0.00,-2.68,0.00,0.00,0.00
5270.00,13200.00,313.00,-0.52,0.00,3.40,0.00,0.00,0.00
5270.00,13200.00,315.00,1.13,0.00,-9.98,-0.03,0.00,1.21
5270.00,13200.00,316.00,1.74,0.00,3.34,0.05,0.00,-1.64
5270.00,13200.00,303.00,-1.22,0.00,-0.23,0.00,0.00,0.00
5270.00,13200.00,304.00,2.20,0.00,-8.98,0.06,0.00,-1.80
5270.00,13200.00,306.00,1.55,0.00,-6.76,0.33,0.00,-1.63
5270.00,13200.00,307.00,2.29,0.00,-3.38,-0.13,0.00,0.91
5270.00,13200.00,308.00,3.88,0.00,-1.57,-0.02,0.00,2.09
5270.00,13200.00,309.00,-1.56,0.00,-6.71,-0.02,0.00,0.03
5270.00,13200.00,310.00,-1.45,0.00,-8.18,0.01,0.00,0.13
5270.00,13200.00,311.00,-1.36,0.00,-2.68,0.00,0.00,0.00
5270.00,13200.00,313.00,-0.52,0.00,3.40,0.00,0.00,0.00
5270.00,13200.00,315.00,1.12,0.00,-9.49,-0.17,0.00,1.22
5270.00,13200.00,316.00,1.76,0.00,2.68,-0.06,0.00,-1.57
5270.00,13200.00,317.00,0.65,0.00,-9.75,-0.31,0.00,1.18
5280.00,13200.00,303.00,-1.22,0.00,-0.23,0.00,0.00,0.00
5280.00,13200.00,304.00,2.20,0.00,-9.74,-0.02,0.00,-1.57
5280.00,13200.00,306.00,1.72,0.00,-7.39,0.26,0.00,-1.70
5280.00,13200.00,307.00,2.23,0.00,-3.04,-0.23,0.00,0.85
5280.00,13200.00,308.00,3.87,0.00,-0.81,-0.03,0.00,1.90
5280.00,13200.00,309.00,-1.58,0.00,-6.68,-0.02,0.00,0.03
5280.00,13200.00,310.00,-1.45,0.00,-8.12,0.00,0.00,0.08
5280.00,13200.00,311.00,-1.36,0.00,-2.68,0.00,0.00,0.00
5280.00,13200.00,313.00,-0.52,0.00,3.40,0.00,0.00,0.00
5280.00,13200.00,315.00,0.99,0.00,-9.00,-0.43,0.00,1.09
5280.00,13200.00,316.00,1.68,0.00,2.08,-0.18,0.00,-1.56
5280.00,13200.00,317.00,0.52,0.00,-9.28,-0.12,0.00,1.20
5280.00,13200.00,303.00,-1.22,0.00,-0.23,0.00,0.00,0.00
5280.00,13200.00,304.00,2.19,0.00,-10.20,-0.02,0.00,-1.25
5280.00,13200.00,306.00,1.75,0.00,-8.12,0.00,0.00,-1.70
5280.00,13200.00,307.00,2.10,0.00,-2.70,-0.20,0.00,0.89
5280.00,13200.00,309.00,-1.58,0.00,-6.68,0.00,0.00,0.00
5280.00,13200.00,310.00,-1.45,0.00,-8.12,-0.01,0.00,-0.10
5280.00,13200.00,311.00,-1.36,0.00,-2.68,0.00,0.00,0.00
5280.00,13200.00,313.00,-0.52,0.00,3.40,0.00,0.00,0.00
5280.00,13200.00,315.00,0.77,0.00,-8.62,-0.27,0.00,1.00
5280.00,13200.00,316.00,1.61,0.00,1.44,-0.20,0.00,-1.58
5280.00,13200.00,317.00,0.55,0.00,-8.79,-0.03,0.00,1.15
5280.00,13200.00,303.00,-1.22,0.00,-0.23,0.00,0.00,0.00
5280.00,13200.00,306.00,1.72,0.00,-8.76,0.00,0.00,-1.61
5280.00,13200.00,307.00,2.07,0.00,-2.32,0.00,0.00,0.82
5280.00,13200.00,309.00,-1.58,0.00,-6.68,0.00,0.00,0.00
5280.00,13200.00,310.00,-1.45,0.00,-8.20,-0.04,0.00,-0.21
5280.00,13200.00,311.00,-1.36,0.00,-2.68,0.00,0.00,0.00
5280.00,13200.00,313.00,-0.52,0.00,3.40,0.00,0.00,0.00
5280.00,13200.00,315.00,0.77,0.00,-8.20,0.09,0.00,1.11
5280.00,13200.00,316.00,1.52,0.00,0.82,-0.27,0.00,-1.57
5280.00,13200.00,317.00,0.50,0.00,-8.36,-0.22,0.00,1.08
5280.00,13200.00,318.00,3.70,0.00,0.71,-0.11,0.00,2.16
5290.00,13200.00,303.00,-1.22,0.00,-0.23,0.00,0.00,0.00
5290.00,13200.00,306.00,1.75,0.00,-9.40,-0.02,0.00,-1.56
5290.00,13200.00,307.00,2.10,0.00,-2.05,0.04,0.00,0.79
5290.00,13200.00,309.00,-1.58,0.00,-6.68,0.00,0.00,0.00
5290.00,13200.00,310.00,-1.48,0.00,-8.29,-0.04,0.00,-0.18
5290.00,13200.00,311.00,-1.36,0.00,-2.68,0.00,0.00,0.00
5290.00,13200.00,313.00,-0.52,0.00,3.40,0.00,0.00,0.00
5290.00,13200.00,315.00,0.84,0.00,-7.74,0.02,0.00,1.19
5290.00,13200.00,316.00,1.39,0.00,0.18,-0.18,0.00,-1.62
5290.00,13200.00,317.00,0.37,0.00,-7.93,-0.18,0.00,1.10
5290.00,13200.00,318.00,3.66,0.00,1.57,-0.05,0.00,1.93
5290.00,13200.00,303.00,-1.22,0.00,-0.23,0.00,0.00,0.00
5290.00,13200.00,306.00,1.70,0.00,-10.00,-0.13,0.00,-1.50
5290.00,13200.00,307.00,2.10,0.00,-1.69,-0.10,0.00,0.66
5290.00,13200.00,309.00,-1.58,0.00,-6.68,-0.02,0.00,0.00
5290.00,13200.00,310.00,-1.48,0.00,-8.35,0.00,0.00,-0.05
5290.00,13200.00,311.00,-1.36,0.00,-2.68,0.00,0.00,0.00
5290.00,13200.00,313.00,-0.52,0.00,3.40,0.00,0.00,0.00
5290.00,13200.00,315.00,0.79,0.00,-7.25,-0.20,0.00,1.10
5290.00,13200.00,316.00,1.37,0.00,-0.48,0.00,0.00,-1.70
5290.00,13200.00,317.00,0.36,0.00,-7.48,-0.06,0.00,1.07
5290.00,13200.00,318.00,3.66,0.00,2.25,-0.02,0.00,1.73
5290.00,13200.00,319.00,1.63,0.00,3.81,-0.24,0.00,-1.79
5300.00,13200.00,303.00,-1.22,0.00,-0.23,0.00,0.00,0.00
5300.00,13200.00,307.00,2.02,0.00,-1.52,-0.08,0.00,0.61
5300.00,13200.00,309.00,-1.60,0.00,-6.68,-0.05,0.00,0.00
5300.00,13200.00,310.00,-1.48,0.00,-8.33,0.00,0.00,0.05
5300.00,13200.00,311.00,-1.36,0.00,-2.68,0.00,0.00,0.00
5300.00,13200.00,313.00,-0.52,0.00,3.40,0.00,0.00,0.00
5300.00,13200.00,315.00,0.68,0.00,-6.85,-0.06,0.00,1.04
5300.00,13200.00,316.00,1.39,0.00,-1.18,0.02,0.00,-1.75
5300.00,13200.00,317.00,0.32,0.00,-7.07,-0.16,0.00,1.05
5300.00,13200.00,318.00,3.64,0.00,2.95,-0.04,0.00,1.75
5300.00,13200.00,319.00,1.54,0.00,3.10,-0.32,0.00,-1.90
5300.00,13300.00,303.00,-1.22,0.00,-0.23,0.00,0.00,0.00
5300.00,13300.00,307.00,2.04,0.00,-1.21,0.01,0.00,0.52
5300.00,13300.00,309.00,-1.62,0.00,-6.68,-0.02,0.00,0.00
5300.00,13300.00,310.00,-1.48,0.00,-8.31,0.03,0.00,0.05
5300.00,13300.00,311.00,-1.36,0.00,-2.68,0.00,0.00,0.00
5300.00,13300.00,313.00,-0.52,0.00,3.40,0.00,0.00,0.00
5300.00,13300.00,315.00,0.74,0.00,-6.41,0.09,0.00,1.16
5300.00,13300.00,316.00,1.39,0.00,-1.88,0.16,0.00,-1.74
5300.00,13300.00,317.00,0.23,0.00,-6.64,-0.15,0.00,1.08
5300.00,13300.00,319.00,1.38,0.00,2.29,-0.33,0.00,-2.13
5300.00,13300.00,303.00,-1.22,0.00,-0.23,0.00,0.00,0.00
5300.00,13300.00,307.00,2.03,0.00,-1.11,-0.02,0.00,-0.02
5300.00,13300.00,309.00,-1.62,0.00,-6.68,0.00,0.00,0.00
5300.00,13300.00,310.00,-1.46,0.00,-8.29,0.05,0.00,0.02
5300.00,13300.00,311.00,-1.36,0.00,-2.68,0.00,0.00,0.00
5300.00,13300.00,313.00,-0.52,0.00,3.40,0.00,0.00,0.00
5300.00,13300.00,315.00,0.75,0.00,-5.93,-0.17,0.00,1.13
5300.00,13300.00,316.00,1.52,0.00,-2.57,0.16,0.00,-1.72
5300.00,13300.00,317.00,0.20,0.00,-6.21,-0.01,0.00,1.12
5300.00,13300.00,319.00,1.27,0.00,1.39,-0.30,0.00,-1.99
5310.00,13300.00,303.00,-1.22,0.00,-0.23,0.00,0.00,0.00
5310.00,13300.00,307.00,2.02,0.00,-1.22,-0.01,0.00,-0.12
5310.00,13300.00,309.00,-1.62,0.00,-6.68,0.00,0.00,0.00
5310.00,13300.00,310.00,-1.44,0.00,-8.29,0.02,0.00,0.00
5310.00,13300.00,311.00,-1.36,0.00,-2.68,0.00,0.00,0.00
5310.00,13300.00,313.00,-0.52,0.00,3.40,0.00,0.00,0.00
5310.00,13300.00,315.00,0.60,0.00,-5.51,-0.23,0.00,1.03
5310.00,13300.00,316.00,1.52,0.00,-3.25,0.24,0.00,-1.87
5310.00,13300.00,317.00,0.23,0.00,-5.74,-0.06,0.00,1.02
5310.00,13300.00,319.00,1.14,0.00,0.69,-0.15,0.00,-1.87
5310.00,13300.00,303.00,-1.22,0.00,-0.23,0.00,0.00,0.00
5310.00,13300.00,307.00,2.02,0.00,-1.20,0.00,0.00,0.02
5310.00,13300.00,309.00,-1.62,0.00,-6.68,0.00,0.00,0.00
5310.00,13300.00,310.00,-1.44,0.00,-8.29,0.00,0.00,0.00
5310.00,13300.00,311.00,-1.36,0.00,-2.68,0.00,0.00,0.00
5310.00,13300.00,313.00,-0.52,0.00,3.40,0.00,0.00,0.00
5310.00,13300.00,315.00,0.57,0.00,-5.10,-0.01,0.00,1.11
5310.00,13300.00,316.00,1.71,0.00,-4.07,0.20,0.00,-1.82
5310.00,13300.00,317.00,0.15,0.00,-5.39,-0.26,0.00,0.84
5310.00,13300.00,319.00,1.15,0.00,-0.11,-0.12,0.00,-2.13
5320.00,13300.00,303.00,-1.22,0.00,-0.23,0.00,0.00,0.00
5320.00,13300.00,307.00,2.02,0.00,-1.20,-0.02,0.00,0.10
5320.00,13300.00,309.00,-1.62,0.00,-6.68,0.00,0.00,0.00
5320.00,13300.00,310.00,-1.44,0.00,-8.29,0.00,0.00,0.00
5320.00,13300.00,311.00,-1.36,0.00,-2.68,0.00,0.00,0.00
5320.00,13300.00,313.00,-0.52,0.00,3.40,0.00,0.00,0.00
5320.00,13300.00,315.00,0.60,0.00,-4.62,-0.25,0.00,1.06
5320.00,13300.00,316.00,1.68,0.00,-4.71,-0.23,0.00,-1.60
5320.00,13300.00,317.00,0.02,0.00,-5.07,-0.32,0.00,0.72
5320.00,13300.00,319.00,1.04,0.00,-1.01,0.00,0.00,-2.18
5320.00,13300.00,303.00,-1.22,0.00,-0.23,0.00,0.00,0.00
5320.00,13300.00,307.00,2.01,0.00,-1.12,-0.02,0.00,0.08
5320.00,13300.00,309.00,-1.62,0.00,-6.68,0.00,0.00,0.00
5320.00,13300.00,310.00,-1.44,0.00,-8.29,0.00,0.00,0.00
5320.00,13300.00,311.00,-1.36,0.00,-2.68,0.00,0.00,0.00
5320.00,13300.00,313.00,-0.52,0.00,3.40,0.00,0.00,0.00
5320.00,13300.00,315.00,0.37,0.00,-4.25,-0.57,0.00,0.87
5320.00,13300.00,316.00,1.53,0.00,-5.35,-0.05,0.00,-1.80
5320.00,13300.00,317.00,-0.10,0.00,-4.82,-0.26,0.00,0.58
5320.00,13300.00,319.00,1.15,0.00,-1.85,0.24,0.00,-2.08
5320.00,13300.00,303.00,-1.22,0.00,-0.23,0.00,0.00,0.00
5320.00,13300.00,307.00,2.01,0.00,-1.14,0.00,0.00,-0.05
5320.00,13300.00,309.00,-1.62,0.00,-6.68,0.07,0.00,-0.06
5320.00,13300.00,310.00,-1.44,0.00,-8.29,0.15,0.00,0.02
5320.00,13300.00,311.00,-1.36,0.00,-2.68,0.00,0.00,0.00
5320.00,13300.00,313.00,-0.52,0.00,3.40,0.00,0.00,0.00
5320.00,13300.00,315.00,0.14,0.00,-3.93,-0.54,0.00,0.95
5320.00,13300.00,316.00,1.64,0.00,-6.14,0.13,0.00,-1.84
5320.00,13300.00,317.00,-0.19,0.00,-4.61,-0.46,0.00,0.48
5320.00,13300.00,319.00,1.23,0.00,-2.68,0.19,0.00,-2.13
5330.00,13300.00,303.00,-1.22,0.00,-0.23,0.00,0.00,0.00
5330.00,13300.00,307.00,2.00,0.00,-1.16,0.00,0.00,-0.05
5330.00,13300.00,309.00,-1.56,0.00,-6.73,0.07,0.00,-0.06
5330.00,13300.00,310.00,-1.32,0.00,-8.27,0.15,0.00,0.02
5330.00,13300.00,311.00,-1.36,0.00,-2.68,0.00,0.00,0.00
5330.00,13300.00,313.00,-0.52,0.00,3.40,0.00,0.00,0.00
5330.00,13300.00,315.00,-0.07,0.00,-3.50,-0.54,0.00,0.59
5330.00,13300.00,316.00,1.64,0.00,-6.83,0.01,0.00,-1.86
5330.00,13300.00,317.00,-0.47,0.00,-4.44,-0.60,0.00,0.44
5330.00,13300.00,319.00,1.30,0.00,-3.55,0.18,0.00,-2.22
5330.00,13300.00,320.00,1.84,0.00,2.86,0.38,0.00,-1.45
5330.00,13300.00,303.00,-1.22,0.00,-0.23,0.00,0.00,0.00
5330.00,13300.00,307.00,2.00,0.00,-1.18,-0.03,0.00,-0.07
5330.00,13300.00,309.00,-1.56,0.00,-6.73,0.00,0.00,-0.03
5330.00,13300.00,310.00,-1.32,0.00,-8.27,0.00,0.00,-0.03
5330.00,13300.00,311.00,-1.36,0.00,-2.68,0.00,0.00,0.00
5330.00,13300.00,313.00,-0.52,0.00,3.40,0.00,0.00,0.00
5330.00,13300.00,315.00,-0.30,0.00,-3.45,-0.51,0.00,0.00
5330.00,13300.00,316.00,1.65,0.00,-7.63,0.02,0.00,-2.08
5330.00,13300.00,317.00,-0.67,0.00,-4.25,-0.42,0.00,0.30
5330.00,13300.00,319.00,1.38,0.00,-4.46,0.06,0.00,-2.24
5330.00,13300.00,320.00,1.99,0.00,2.28,0.40,0.00,-1.45
5340.00,13300.00,303.00,-1.22,0.00,-0.23,0.00,0.00,0.00
5340.00,13300.00,307.00,1.98,0.00,-1.22,-0.09,0.00,-0.04
5340.00,13300.00,309.00,-1.56,0.00,-6.75,0.00,0.00,-0.03
5340.00,13300.00,310.00,-1.32,0.00,-8.29,0.00,0.00,-0.05
5340.00,13300.00,311.00,-1.36,0.00,-2.68,0.01,0.00,0.13
5340.00,13300.00,313.00,-0.52,0.00,3.40,-0.06,0.00,-0.27
5340.00,13300.00,315.00,-0.47,0.00,-3.50,-0.34,0.00,-0.06
5340.00,13300.00,316.00,1.66,0.00,-8.49,-0.08,0.00,-1.80
5340.00,13300.00,317.00,-0.81,0.00,-4.20,-0.41,0.00,0.09
5340.00,13300.00,319.00,1.35,0.00,-5.34,0.02,0.00,-2.18
5340.00,13300.00,320.00,2.16,0.00,1.70,0.38,0.00,-1.49
5340.00,13400.00,303.00,-1.22,0.00,-0.23,0.00,0.00,0.00
5340.00,13400.00,307.00,1.93,0.00,-1.21,-0.24,0.00,0.18
5340.00,13400.00,309.00,-1.56,0.00,-6.75,0.00,0.00,0.03
5340.00,13400.00,310.00,-1.32,0.00,-8.32,-0.05,0.00,-0.02
5340.00,13400.00,311.00,-1.36,0.00,-2.58,0.00,0.00,0.00
5340.00,13400.00,313.00,-0.57,0.00,3.19,-0.06,0.00,-0.27
5340.00,13400.00,315.00,-0.57,0.00,-3.51,-0.12,0.00,-0.01
5340.00,13400.00,316.00,1.59,0.00,-9.07,0.04,0.00,-1.74
5340.00,13400.00,317.00,-1.00,0.00,-4.18,-0.27,0.00,0.03
5340.00,13400.00,319.00,1.39,0.00,-6.20,0.04,0.00,-2.16
5340.00,13400.00,320.00,2.29,0.00,1.09,0.40,0.00,-1.54
5340.00,13400.00,303.00,-1.22,0.00,-0.23,0.00,0.00,0.00
5340.00,13400.00,307.00,1.79,0.00,-1.07,-0.35,0.00,0.35
5340.00,13400.00,309.00,-1.56,0.00,-6.73,0.00,0.00,0.03
5340.00,13400.00,310.00,-1.36,0.00,-8.31,0.02,0.00,-0.08
5340.00,13400.00,311.00,-1.36,0.00,-2.68,-0.01,0.00,-0.13
5340.00,13400.00,313.00,-0.57,0.00,3.19,0.00,0.00,0.00
5340.00,13400.00,315.00,-0.57,0.00,-3.51,-0.04,0.00,0.11
5340.00,13400.00,316.00,1.69,0.00,-9.88,0.26,0.00,-2.02
5340.00,13400.00,317.00,-1.02,0.00,-4.18,0.20,0.00,-0.02
5340.00,13400.00,319.00,1.38,0.00,-7.07,-0.10,0.00,-2.20
5340.00,13400.00,320.00,2.48,0.00,0.47,0.43,0.00,-1.74
5350.00,13400.00,303.00,-1.22,0.00,-0.23,0.00,0.00,0.00
5350.00,13400.00,309.00,-1.56,0.00,-6.73,0.00,0.00,0.00
5350.00,13400.00,310.00,-1.30,0.00,-8.38,0.10,0.00,-0.06
5350.00,13400.00,311.00,-1.36,0.00,-2.68,0.00,0.00,0.00
5350.00,13400.00,313.00,-0.57,0.00,3.19,0.00,0.00,0.00
5350.00,13400.00,315.00,-0.60,0.00,-3.42,-0.08,0.00,0.21
5350.00,13400.00,317.00,-0.84,0.00,-4.19,0.44,0.00,-0.04
5350.00,13400.00,319.00,1.31,0.00,-7.97,-0.17,0.00,-2.15
5350.00,13400.00,320.00,2.64,0.00,-0.30,0.28,0.00,-1.89
5350.00,13400.00,303.00,-1.22,0.00,-0.23,0.00,0.00,0.00
5350.00,13400.00,309.00,-1.56,0.00,-6.73,0.02,0.00,0.00
5350.00,13400.00,310.00,-1.28,0.00,-8.36,0.06,0.00,0.10
5350.00,13400.00,311.00,-1.36,0.00,-2.68,0.00,0.00,0.00
5350.00,13400.00,313.00,-0.57,0.00,3.19,0.00,0.00,0.00
5350.00,13400.00,319.00,1.25,0.00,-8.79,-0.16,0.00,-2.11
5350.00,13400.00,320.00,2.71,0.00,-1.04,0.07,0.00,-1.71
5350.00,13400.00,321.00,1.38,0.00,-0.78,-0.45,0.00,0.26
5350.00,13400.00,322.00,-1.09,0.00,-4.11,0.00,0.00,0.00
5350.00,13400.00,323.00,-0.73,0.00,-3.32,-0.18,0.00,0.28
5360.00,13400.00,303.00,-1.22,0.00,-0.23,0.00,0.00,0.00
5360.00,13400.00,309.00,-1.54,0.00,-6.73,0.02,0.00,0.00
5360.00,13400.00,310.00,-1.26,0.00,-8.30,0.06,0.00,0.18
5360.00,13400.00,311.00,-1.36,0.00,-2.68,0.00,0.00,0.00
5360.00,13400.00,313.00,-0.57,0.00,3.19,0.00,0.00,0.00
5360.00,13400.00,319.00,1.18,0.00,-9.66,-0.17,0.00,-2.16
5360.00,13400.00,320.00,2.69,0.00,-1.67,-0.13,0.00,-1.61
5360.00,13400.00,321.00,1.20,0.00,-0.67,-0.45,0.00,0.26
5360.00,13400.00,322.00,-1.09,0.00,-4.11,0.00,0.00,0.00
5360.00,13400.00,323.00,-0.81,0.00,-3.21,-0.19,0.00,0.15
5360.00,13400.00,303.00,-1.22,0.00,-0.23,0.00,0.00,0.00
5360.00,13400.00,309.00,-1.54,0.00,-6.73,0.00,0.00,0.00
5360.00,13400.00,310.00,-1.24,0.00,-8.22,0.06,0.00,0.20
5360.00,13400.00,311.00,-1.36,0.00,-2.68,0.00,0.00,0.00
5360.00,13400.00,313.00,-0.57,0.00,3.19,0.00,0.00,0.00
5360.00,13400.00,320.00,2.60,0.00,-2.33,-0.25,0.00,-1.70
5360.00,13400.00,322.00,-1.09,0.00,-4.11,0.00,0.00,0.00
5360.00,13400.00,323.00,-0.88,0.00,-3.20,-0.19,0.00,0.02
5360.00,13400.00,320.00,2.49,0.00,-3.03,-0.34,0.00,-1.69
5370.00,13400.00,320.00,2.33,0.00,-3.68,-0.37,0.00,-1.77
5370.00,13400.00,320.00,2.19,0.00,-4.44,-0.33,0.00,-1.83
5380.00,13400.00,320.00,2.06,0.00,-5.14,-0.26,0.00,-1.74
5380.00,13500.00,320.00,1.99,0.00,-5.83,-0.14,0.00,-1.76
5380.00,13500.00,320.00,1.95,0.00,-6.55,-0.14,0.00,-1.74
5390.00,13500.00,320.00,1.87,0.00,-7.22,-0.05,0.00,-1.75
5390.00,13500.00,320.00,1.91,0.00,-7.95,0.02,0.00,-1.78
5400.00,13500.00,320.00,1.89,0.00,-8.65,0.06,0.00,-1.91
5400.00,13500.00,324.00,1.68,0.00,1.03,0.14,0.00,-1.66
5400.00,13500.00,320.00,1.95,0.00,-9.47,0.16,0.00,-2.06
5400.00,13500.00,324.00,1.74,0.00,0.37,0.04,0.00,-1.72
5400.00,13500.00,324.00,1.72,0.00,-0.35,-0.07,0.00,-1.68
5410.00,13500.00,324.00,1.68,0.00,-0.98,0.00,0.00,-1.69
5410.00,13500.00,324.00,1.72,0.00,-1.70,-0.03,0.00,-1.76
5420.00,13500.00,324.00,1.66,0.00,-2.39,-0.03,0.00,-1.72
5420.00,13600.00,324.00,1.70,0.00,-3.07,0.21,0.00,-1.72
5420.00,13600.00,324.00,1.82,0.00,-3.76,-0.07,0.00,-1.69
5430.00,13600.00,324.00,1.64,0.00,-4.42,-0.14,0.00,-1.76
5430.00,13600.00,324.00,1.71,0.00,-5.17,0.04,0.00,-1.85
5440.00,13600.00,324.00,1.67,0.00,-5.91,-0.10,0.00,-1.84
5490.00,13700.00,325.00,3.07,0.00,-7.11,-0.15,0.00,1.44
5500.00,13700.00,325.00,3.01,0.00,-6.54,0.00,0.00,1.18
5500.00,13700.00,326.00,1.92,0.00,-1.77,-0.11,0.00,-2.07
5500.00,13800.00,325.00,3.06,0.00,-6.17,0.17,0.00,1.02
5500.00,13800.00,326.00,1.87,0.00,-2.59,-0.12,0.00,-2.10
5500.00,13800.00,327.00,0.63,0.00,0.31,0.21,0.00,2.03
5500.00,13800.00,328.00,2.75,0.00,1.08,-0.06,0.00,-1.91
5500.00,13800.00,325.00,3.14,0.00,-5.72,0.15,0.00,1.12
5500.00,13800.00,326.00,1.82,0.00,-3.45,-0.19,0.00,-2.15
5500.00,13800.00,327.00,0.71,0.00,1.12,0.16,0.00,1.96
5500.00,13800.00,328.00,2.73,0.00,0.31,-0.13,0.00,-1.87
5510.00,13800.00,325.00,3.18,0.00,-5.27,-0.03,0.00,1.21
5510.00,13800.00,326.00,1.72,0.00,-4.31,-0.10,0.00,-2.16
5510.00,13800.00,327.00,0.76,0.00,1.88,0.18,0.00,1.87
5510.00,13800.00,328.00,2.65,0.00,-0.42,-0.13,0.00,-1.88
5510.00,13800.00,325.00,3.12,0.00,-4.75,0.22,0.00,1.23
5510.00,13800.00,326.00,1.75,0.00,-5.17,0.02,0.00,-2.20
5510.00,13800.00,327.00,0.85,0.00,2.62,0.25,0.00,1.86
5510.00,13800.00,328.00,2.63,0.00,-1.19,-0.20,0.00,-1.95
5520.00,13800.00,325.00,3.36,0.00,-4.28,0.26,0.00,1.10
5520.00,13800.00,326.00,1.73,0.00,-6.07,0.08,0.00,-2.26
5520.00,13800.00,328.00,2.49,0.00,-1.98,-0.23,0.00,-2.14
5520.00,13800.00,325.00,3.33,0.00,-3.87,-0.12,0.00,1.17
5520.00,13800.00,326.00,1.81,0.00,-6.98,0.18,0.00,-2.19
5520.00,13800.00,328.00,2.44,0.00,-2.90,-0.16,0.00,-2.16
5520.00,13800.00,325.00,3.27,0.00,-3.35,-0.12,0.00,1.07
5520.00,13800.00,326.00,1.88,0.00,-7.82,0.07,0.00,-2.16
5520.00,13800.00,328.00,2.36,0.00,-3.70,-0.09,0.00,-2.02
5530.00,13800.00,325.00,3.23,0.00,-3.01,-0.07,0.00,0.87
5530.00,13800.00,326.00,1.87,0.00,-8.71,0.04,0.00,-2.23
5530.00,13800.00,328.00,2.37,0.00,-4.52,0.00,0.00,-2.06
5530.00,13800.00,325.00,3.22,0.00,-2.66,-0.23,0.00,0.79
5530.00,13800.00,326.00,1.91,0.00,-9.61,0.11,0.00,-2.26
5530.00,13800.00,328.00,2.36,0.00,-5.35,0.12,0.00,-2.00
5540.00,13800.00,325.00,3.05,0.00,-2.38,-0.21,0.00,0.34
5540.00,13800.00,328.00,2.47,0.00,-6.11,0.21,0.00,-2.00
5540.00,13900.00,325.00,3.05,0.00,-2.38,-0.09,0.00,-0.36
5540.00,13900.00,328.00,2.53,0.00,-6.95,0.21,0.00,-2.00
5540.00,13900.00,325.00,2.98,0.00,-2.67,-0.17,0.00,-0.72
5540.00,13900.00,328.00,2.64,0.00,-7.72,0.35,0.00,-1.98
5550.00,13900.00,328.00,2.81,0.00,-8.54,0.49,0.00,-2.21
5550.00,13900.00,328.00,3.03,0.00,-9.49,0.55,0.00,-2.36
5660.00,14200.00,329.00,2.40,0.00,-8.96,0.24,0.00,1.88
5660.00,14200.00,330.00,0.80,0.00,-0.02,-0.13,0.00,-1.54
5660.00,14200.00,331.00,1.91,0.00,1.55,-0.02,0.00,-2.03
5670.00,14200.00,329.00,2.50,0.00,-8.20,0.24,0.00,1.95
5670.00,14200.00,330.00,0.75,0.00,-0.63,-0.11,0.00,-1.49
5670.00,14200.00,331.00,1.91,0.00,0.74,-0.07,0.00,-2.05
5670.00,14200.00,329.00,2.60,0.00,-7.40,0.33,0.00,1.96
5670.00,14200.00,330.00,0.71,0.00,-1.21,-0.01,0.00,-1.51
5670.00,14200.00,331.00,1.86,0.00,-0.09,-0.09,0.00,-2.07
5670.00,14200.00,332.00,-0.04,0.00,-6.80,0.00,0.00,0.00
5680.00,14200.00,329.00,2.77,0.00,-6.64,0.33,0.00,1.86
5680.00,14200.00,330.00,0.73,0.00,-1.83,0.00,0.00,-1.59
5680.00,14200.00,331.00,1.83,0.00,-0.92,-0.12,0.00,-2.12
5680.00,14200.00,332.00,-0.04,0.00,-6.80,0.00,0.00,0.00
5680.00,14200.00,329.00,2.86,0.00,-5.91,0.18,0.00,2.06
5680.00,14200.00,330.00,0.72,0.00,-2.48,0.09,0.00,-1.77
5680.00,14200.00,331.00,1.77,0.00,-1.79,-0.17,0.00,-2.22
5680.00,14200.00,332.00,-0.04,0.00,-6.80,0.00,0.00,0.00
5680.00,14200.00,329.00,2.91,0.00,-4.99,0.14,0.00,2.08
5680.00,14200.00,330.00,0.81,0.00,-3.25,0.12,0.00,-1.65
5680.00,14200.00,331.00,1.70,0.00,-2.69,-0.08,0.00,-2.31
5680.00,14200.00,332.00,-0.04,0.00,-6.80,-0.15,0.00,-0.04
5690.00,14200.00,329.00,2.97,0.00,-4.24,0.01,0.00,1.92
5690.00,14200.00,330.00,0.81,0.00,-3.80,0.04,0.00,-1.41
5690.00,14200.00,331.00,1.70,0.00,-3.63,0.04,0.00,-2.20
5690.00,14200.00,332.00,-0.16,0.00,-6.83,0.00,0.00,0.00
5690.00,14200.00,329.00,2.92,0.00,-3.45,-0.05,0.00,1.93
5690.00,14200.00,330.00,0.84,0.00,-4.38,0.15,0.00,-1.60
5690.00,14200.00,331.00,1.73,0.00,-4.45,0.13,0.00,-2.26
5690.00,14200.00,332.00,-0.04,0.00,-6.80,-0.02,0.00,0.00
5700.00,14200.00,329.00,2.92,0.00,-2.70,-0.03,0.00,1.87
5700.00,14200.00,330.00,0.93,0.00,-5.08,0.14,0.00,-1.75
5700.00,14200.00,331.00,1.81,0.00,-5.44,-0.01,0.00,-2.35
5700.00,14200.00,332.00,-0.18,0.00,-6.83,-0.12,0.00,0.01
5700.00,14300.00,329.00,2.89,0.00,-1.95,-0.08,0.00,1.88
5700.00,14300.00,330.00,0.95,0.00,-5.78,-0.16,0.00,-1.55
5700.00,14300.00,331.00,1.72,0.00,-6.33,-0.06,0.00,-2.27
5700.00,14300.00,332.00,-0.14,0.00,-6.79,0.15,0.00,0.12
5700.00,14300.00,329.00,2.86,0.00,-1.20,-0.05,0.00,1.97
5700.00,14300.00,330.00,0.80,0.00,-6.32,-0.20,0.00,-1.40
5700.00,14300.00,331.00,1.76,0.00,-7.26,-0.05,0.00,-2.25
5700.00,14300.00,332.00,-0.06,0.00,-6.74,0.08,0.00,0.17
5710.00,14300.00,329.00,2.85,0.00,-0.37,-0.05,0.00,1.97
5710.00,14300.00,330.00,0.79,0.00,-6.90,-0.13,0.00,-1.43
5710.00,14300.00,331.00,1.68,0.00,-8.13,-0.10,0.00,-2.15
5710.00,14300.00,332.00,-0.07,0.00,-6.65,-0.04,0.00,0.21
5710.00,14300.00,329.00,2.82,0.00,0.38,0.01,0.00,1.94
5710.00,14300.00,330.00,0.70,0.00,-7.46,-0.16,0.00,-1.51
5710.00,14300.00,331.00,1.68,0.00,-8.98,0.02,0.00,-2.11
5720.00,14300.00,329.00,2.86,0.00,1.18,0.11,0.00,1.99
5720.00,14300.00,330.00,0.66,0.00,-8.11,-0.09,0.00,-1.62
5740.00,14300.00,333.00,0.51,0.00,-4.86,-0.42,0.00,0.95
5740.00,14300.00,334.00,0.65,0.00,1.09,0.11,0.00,-1.37
5740.00,14400.00,333.00,0.34,0.00,-4.47,-0.21,0.00,0.48
5740.00,14400.00,334.00,0.70,0.00,0.54,0.14,0.00,-1.35
5740.00,14400.00,333.00,0.34,0.00,-4.47,-0.27,0.00,0.31
5740.00,14400.00,334.00,0.76,0.00,0.01,0.11,0.00,-1.42
5750.00,14400.00,333.00,0.12,0.00,-4.23,-0.49,0.00,0.71
5750.00,14400.00,334.00,0.79,0.00,-0.60,0.22,0.00,-1.51
5750.00,14400.00,333.00,-0.05,0.00,-3.91,-0.41,0.00,0.81
5750.00,14400.00,334.00,0.94,0.00,-1.20,0.22,0.00,-1.51
5760.00,14400.00,333.00,-0.21,0.00,-3.59,-0.34,0.00,0.44
5760.00,14400.00,334.00,0.96,0.00,-1.80,-0.01,0.00,-1.38
5760.00,14400.00,335.00,1.11,0.00,2.89,0.57,0.00,-1.54
5760.00,14400.00,333.00,-0.32,0.00,-3.55,-0.43,0.00,0.12
5760.00,14400.00,334.00,0.93,0.00,-2.30,0.20,0.00,-1.50
5760.00,14400.00,335.00,1.34,0.00,2.28,0.12,0.00,-1.54
5760.00,14400.00,336.00,3.15,0.00,-5.17,0.00,0.00,1.62
5760.00,14400.00,333.00,-0.55,0.00,-3.49,-0.38,0.00,0.19
5760.00,14400.00,334.00,1.12,0.00,-3.01,0.19,0.00,-1.58
5760.00,14400.00,335.00,1.21,0.00,1.66,-0.07,0.00,-1.68
5760.00,14400.00,336.00,3.15,0.00,-4.52,-0.01,0.00,1.57
5770.00,14400.00,333.00,-0.62,0.00,-3.40,-0.27,0.00,0.31
5770.00,14400.00,334.00,1.09,0.00,-3.56,-0.22,0.00,-1.43
5770.00,14400.00,335.00,1.29,0.00,0.93,0.28,0.00,-1.76
5770.00,14400.00,336.00,3.15,0.00,-3.91,0.06,0.00,1.59
5770.00,14400.00,333.00,-0.77,0.00,-3.24,-0.45,0.00,0.72
5770.00,14400.00,334.00,0.94,0.00,-4.15,-0.38,0.00,-1.37
5770.00,14400.00,335.00,1.43,0.00,0.25,0.14,0.00,-1.74
5770.00,14400.00,336.00,3.20,0.00,-3.25,-0.02,0.00,1.65
5780.00,14400.00,333.00,-0.98,0.00,-2.83,-0.50,0.00,0.67
5780.00,14400.00,334.00,0.78,0.00,-4.66,-0.69,0.00,-1.22
5780.00,14400.00,335.00,1.39,0.00,-0.46,0.21,0.00,-1.72
5780.00,14400.00,336.00,3.13,0.00,-2.59,-0.12,0.00,1.56
5780.00,14500.00,333.00,-1.17,0.00,-2.70,-0.45,0.00,0.36
5780.00,14500.00,334.00,0.40,0.00,-5.13,-0.94,0.00,-1.00
5780.00,14500.00,335.00,1.60,0.00,-1.13,0.17,0.00,-1.62
5780.00,14500.00,336.00,3.11,0.00,-2.00,-0.01,0.00,1.52
5780.00,14500.00,337.00,1.34,0.00,2.59,0.01,0.00,-1.54
5780.00,14500.00,333.00,-1.34,0.00,-2.54,-0.30,0.00,0.37
5780.00,14500.00,334.00,0.03,0.00,-5.46,-0.95,0.00,-1.01
5780.00,14500.00,335.00,1.53,0.00,-1.76,0.00,0.00,-1.64
5780.00,14500.00,336.00,3.12,0.00,-1.37,-0.14,0.00,1.61
5780.00,14500.00,337.00,1.34,0.00,1.98,-0.08,0.00,-1.43
5790.00,14500.00,333.00,-1.41,0.00,-2.41,-0.04,0.00,0.16
5790.00,14500.00,334.00,-0.36,0.00,-5.94,-1.10,0.00,-0.98
5790.00,14500.00,335.00,1.60,0.00,-2.44,0.18,0.00,-1.77
5790.00,14500.00,336.00,3.00,0.00,-0.71,-0.16,0.00,1.57
5790.00,14500.00,337.00,1.28,0.00,1.45,-0.10,0.00,-1.43
5790.00,14500.00,338.00,-1.20,0.00,-0.24,0.05,0.00,-0.01
5790.00,14500.00,333.00,-1.37,0.00,-2.41,0.18,0.00,0.11
5790.00,14500.00,334.00,-0.85,0.00,-6.25,-0.99,0.00,-0.69
5790.00,14500.00,335.00,1.67,0.00,-3.17,0.32,0.00,-1.83
5790.00,14500.00,336.00,2.99,0.00,-0.12,-0.08,0.00,1.51
5790.00,14500.00,337.00,1.26,0.00,0.84,0.01,0.00,-1.55
5790.00,14500.00,338.00,-1.18,0.00,-0.24,0.02,0.00,-0.03
5800.00,14500.00,333.00,-1.26,0.00,-2.32,0.13,0.00,0.11
5800.00,14500.00,334.00,-1.15,0.00,-6.49,-1.11,0.00,-0.90
5800.00,14500.00,335.00,1.85,0.00,-3.91,0.33,0.00,-1.98
5800.00,14500.00,336.00,2.93,0.00,0.50,-0.20,0.00,1.82
5800.00,14500.00,337.00,1.28,0.00,0.21,-0.05,0.00,-1.64
5800.00,14500.00,338.00,-1.18,0.00,-0.26,0.00,0.00,-0.03
5800.00,14500.00,333.00,-1.26,0.00,-2.32,0.00,0.00,0.00
5800.00,14500.00,334.00,-1.74,0.00,-6.96,-1.23,0.00,-1.00
5800.00,14500.00,335.00,1.94,0.00,-4.75,0.10,0.00,-1.98
5800.00,14500.00,336.00,2.84,0.00,1.34,-0.17,0.00,1.82
5800.00,14500.00,337.00,1.22,0.00,-0.48,0.06,0.00,-1.43
5800.00,14500.00,338.00,-1.18,0.00,-0.26,0.00,0.00,0.00
5800.00,14500.00,333.00,-1.26,0.00,-2.32,0.00,0.00,0.00
5800.00,14500.00,334.00,-2.13,0.00,-7.29,-0.90,0.00,-0.88
5800.00,14500.00,335.00,1.93,0.00,-5.49,0.32,0.00,-1.77
5800.00,14500.00,336.00,2.80,0.00,1.95,-0.15,0.00,1.40
5800.00,14500.00,337.00,1.33,0.00,-0.93,0.10,0.00,-1.59
5800.00,14500.00,338.00,-1.18,0.00,-0.26,0.00,0.00,0.00
5810.00,14500.00,333.00,-1.26,0.00,-2.32,0.00,0.00,0.00
5810.00,14500.00,334.00,-2.46,0.00,-7.66,-0.85,0.00,-1.04
5810.00,14500.00,335.00,2.19,0.00,-6.17,0.43,0.00,-1.73
5810.00,14500.00,336.00,2.71,0.00,2.45,-0.20,0.00,1.36
5810.00,14500.00,337.00,1.30,0.00,-1.75,-0.01,0.00,-1.80
5810.00,14500.00,338.00,-1.18,0.00,-0.26,0.00,0.00,0.00
5810.00,14500.00,333.00,-1.26,0.00,-2.32,0.00,0.00,0.00
5810.00,14500.00,334.00,-2.81,0.00,-8.12,-0.88,0.00,-1.15
5810.00,14500.00,335.00,2.28,0.00,-6.88,0.47,0.00,-1.88
5810.00,14500.00,336.00,2.64,0.00,3.04,-0.08,0.00,1.48
5810.00,14500.00,337.00,1.32,0.00,-2.37,0.28,0.00,-1.76
5810.00,14500.00,338.00,-1.18,0.00,-0.26,0.00,0.00,0.00
5820.00,14500.00,335.00,2.57,0.00,-7.67,0.49,0.00,-1.87
5820.00,14500.00,336.00,2.65,0.00,3.64,0.04,0.00,1.51
5820.00,14500.00,337.00,1.52,0.00,-3.15,0.32,0.00,-1.76
5820.00,14500.00,338.00,-1.18,0.00,-0.26,0.00,0.00,0.00
5820.00,14600.00,335.00,2.67,0.00,-8.37,0.27,0.00,-1.76
5820.00,14600.00,337.00,1.58,0.00,-3.78,0.27,0.00,-1.83
5820.00,14600.00,337.00,1.74,0.00,-4.61,0.40,0.00,-2.01
5830.00,14600.00,337.00,1.90,0.00,-5.39,0.14,0.00,-1.66
5830.00,14600.00,337.00,1.85,0.00,-5.94,0.06,0.00,-1.50
5840.00,14600.00,337.00,1.95,0.00,-6.59,0.17,0.00,-1.51
5840.00,14600.00,337.00,1.99,0.00,-7.15,0.11,0.00,-1.41
5920.00,14800.00,340.00,2.41,0.00,-9.12,-0.18,0.00,1.75
5920.00,14800.00,341.00,1.60,0.00,-9.09,0.05,0.00,1.76
5920.00,14800.00,340.00,2.34,0.00,-8.41,-0.04,0.00,1.75
5920.00,14800.00,341.00,1.62,0.00,-8.39,0.02,0.00,1.71
5930.00,14800.00,340.00,2.38,0.00,-7.72,0.16,0.00,1.68
5930.00,14800.00,341.00,1.62,0.00,-7.73,0.10,0.00,1.72
5930.00,14800.00,342.00,3.80,0.00,-6.44,-0.31,0.00,-1.69
5930.00,14800.00,340.00,2.47,0.00,-7.07,0.03,0.00,1.74
5930.00,14800.00,341.00,1.70,0.00,-7.01,0.03,0.00,1.83
5930.00,14800.00,342.00,3.68,0.00,-7.12,-0.20,0.00,-1.70
5940.00,14800.00,340.00,2.40,0.00,-6.33,-0.04,0.00,1.79
5940.00,14800.00,341.00,1.65,0.00,-6.27,0.25,0.00,1.68
5940.00,14800.00,342.00,3.64,0.00,-7.80,-0.09,0.00,-1.71
5940.00,14900.00,340.00,2.44,0.00,-5.64,-0.02,0.00,1.71
5940.00,14900.00,341.00,1.90,0.00,-5.67,0.16,0.00,1.66
5940.00,14900.00,340.00,2.38,0.00,-4.96,0.14,0.00,1.70
5940.00,14900.00,341.00,1.78,0.00,-4.94,-0.16,0.00,1.81
5950.00,14900.00,340.00,2.55,0.00,-4.28,0.23,0.00,1.66
5950.00,14900.00,341.00,1.78,0.00,-4.22,0.19,0.00,1.80
5950.00,14900.00,340.00,2.57,0.00,-3.63,0.14,0.00,1.71
5950.00,14900.00,341.00,1.93,0.00,-3.50,0.24,0.00,1.79
5950.00,14900.00,343.00,1.60,0.00,3.18,-0.09,0.00,-1.52
5960.00,14900.00,340.00,2.66,0.00,-2.91,0.39,0.00,1.75
5960.00,14900.00,341.00,1.97,0.00,-2.79,0.10,0.00,1.75
5960.00,14900.00,343.00,1.56,0.00,2.58,-0.09,0.00,-1.55
5960.00,14900.00,340.00,2.88,0.00,-2.22,0.36,0.00,1.70
5960.00,14900.00,341.00,2.01,0.00,-2.10,0.19,0.00,1.69
5960.00,14900.00,343.00,1.53,0.00,1.95,-0.11,0.00,-1.60
5960.00,14900.00,340.00,2.95,0.00,-1.55,0.22,0.00,1.64
5960.00,14900.00,341.00,2.12,0.00,-1.43,0.25,0.00,1.60
5960.00,14900.00,343.00,1.47,0.00,1.30,-0.04,0.00,-1.61
5970.00,14900.00,340.00,3.06,0.00,-0.91,0.37,0.00,1.52
5970.00,14900.00,341.00,2.21,0.00,-0.81,0.22,0.00,1.53
5970.00,14900.00,343.00,1.49,0.00,0.66,-0.02,0.00,-1.61
5970.00,14900.00,340.00,3.25,0.00,-0.33,0.22,0.00,1.58
5970.00,14900.00,341.00,2.30,0.00,-0.21,0.29,0.00,1.51
5970.00,14900.00,343.00,1.46,0.00,0.01,0.00,0.00,-1.64
5980.00,14900.00,340.00,3.23,0.00,0.35,0.09,0.00,1.65
5980.00,14900.00,341.00,2.44,0.00,0.40,0.31,0.00,1.55
5980.00,14900.00,343.00,1.50,0.00,-0.65,0.02,0.00,-1.65
5980.00,15000.00,340.00,3.32,0.00,0.99,0.17,0.00,1.51
5980.00,15000.00,341.00,2.55,0.00,1.03,0.20,0.00,1.49
5980.00,15000.00,343.00,1.48,0.00,-1.31,0.00,0.00,-1.65
5980.00,15000.00,344.00,1.66,0.00,4.00,0.12,0.00,-1.16
5980.00,15000.00,340.00,3.37,0.00,1.56,0.08,0.00,1.55
5980.00,15000.00,341.00,2.60,0.00,1.59,0.17,0.00,1.47
5980.00,15000.00,343.00,1.50,0.00,-1.97,0.07,0.00,-1.63
5980.00,15000.00,344.00,1.71,0.00,3.54,0.05,0.00,-1.10
5980.00,15000.00,345.00,2.07,0.00,-10.00,0.08,0.00,1.55
5990.00,15000.00,340.00,3.39,0.00,2.22,-0.14,0.00,1.51
5990.00,15000.00,341.00,2.68,0.00,2.21,0.16,0.00,1.74
5990.00,15000.00,343.00,1.53,0.00,-2.61,-0.02,0.00,-1.67
5990.00,15000.00,344.00,1.71,0.00,3.13,-0.01,0.00,-0.94
5990.00,15000.00,345.00,2.11,0.00,-9.38,0.16,0.00,1.59
5990.00,15000.00,340.00,3.26,0.00,2.77,-0.33,0.00,1.37
5990.00,15000.00,341.00,2.73,0.00,2.98,0.11,0.00,1.94
5990.00,15000.00,343.00,1.48,0.00,-3.31,-0.17,0.00,-1.83
5990.00,15000.00,344.00,1.71,0.00,2.79,0.02,0.00,-0.92
5990.00,15000.00,345.00,2.20,0.00,-8.72,0.23,0.00,1.66
6000.00,15000.00,343.00,1.40,0.00,-4.08,-0.03,0.00,-1.85
6000.00,15000.00,344.00,1.72,0.00,2.39,0.06,0.00,-1.07
6000.00,15000.00,345.00,2.29,0.00,-8.05,0.21,0.00,1.71
6000.00,15000.00,343.00,1.45,0.00,-4.79,0.04,0.00,-1.73
6000.00,15000.00,344.00,1.75,0.00,1.93,-0.01,0.00,-0.97
6000.00,15000.00,345.00,2.36,0.00,-7.36,0.23,0.00,1.70
6000.00,15000.00,343.00,1.43,0.00,-5.47,0.03,0.00,-1.56
6000.00,15000.00,344.00,1.71,0.00,1.62,0.11,0.00,-0.96
6000.00,15000.00,345.00,2.47,0.00,-6.69,0.23,0.00,1.70
6000.00,15000.00,346.00,2.28,0.00,2.81,0.20,0.00,-1.31
6010.00,15000.00,343.00,1.48,0.00,-6.03,-0.09,0.00,-1.70
6010.00,15000.00,344.00,1.84,0.00,1.16,0.01,0.00,-1.14
6010.00,15000.00,345.00,2.55,0.00,-6.00,0.16,0.00,1.75
6010.00,15000.00,346.00,2.36,0.00,2.28,0.16,0.00,-1.23
6010.00,15000.00,343.00,1.36,0.00,-6.82,-0.30,0.00,-1.98
6010.00,15000.00,344.00,1.72,0.00,0.71,-0.18,0.00,-1.06
6010.00,15000.00,345.00,2.60,0.00,-5.29,0.23,0.00,1.76
6010.00,15000.00,346.00,2.41,0.00,1.82,0.05,0.00,-1.24
6020.00,15000.00,344.00,1.70,0.00,0.31,-0.01,0.00,-1.07
6020.00,15000.00,345.00,2.73,0.00,-4.59,0.25,0.00,1.73
6020.00,15000.00,346.00,2.40,0.00,1.29,0.04,0.00,-1.34
6020.00,15100.00,344.00,1.71,0.00,-0.15,-0.22,0.00,-1.06
6020.00,15100.00,345.00,2.80,0.00,-3.91,0.30,0.00,1.69
6020.00,15100.00,346.00,2.44,0.00,0.75,0.05,0.00,-1.26
6020.00,15100.00,344.00,1.52,0.00,-0.54,-0.38,0.00,-0.94
6020.00,15100.00,345.00,2.97,0.00,-3.24,0.34,0.00,1.63
6020.00,15100.00,346.00,2.43,0.00,0.28,0.04,0.00,-1.34
6030.00,15100.00,344.00,1.41,0.00,-0.90,-0.29,0.00,-1.06
6030.00,15100.00,345.00,3.07,0.00,-2.60,0.25,0.00,1.69
6030.00,15100.00,346.00,2.47,0.00,-0.32,-0.01,0.00,-1.38
6030.00,15100.00,344.00,1.29,0.00,-1.38,-0.35,0.00,-1.18
6030.00,15100.00,345.00,3.17,0.00,-1.89,0.29,0.00,1.65
6030.00,15100.00,346.00,2.43,0.00,-0.82,-0.12,0.00,-1.32
6040.00,15100.00,344.00,1.13,0.00,-1.84,-0.30,0.00,-1.14
6040.00,15100.00,345.00,3.31,0.00,-1.28,0.27,0.00,1.60
6040.00,15100.00,346.00,2.38,0.00,-1.37,-0.10,0.00,-1.37
6040.00,15100.00,344.00,1.05,0.00,-2.30,-0.18,0.00,-1.18
6040.00,15100.00,345.00,3.38,0.00,-0.61,0.13,0.00,1.67
6040.00,15100.00,346.00,2.35,0.00,-1.92,-0.19,0.00,-1.41
6040.00,15100.00,347.00,3.77,0.00,-4.93,0.12,0.00,1.36
6040.00,15100.00,348.00,3.84,0.00,-8.09,-0.19,0.00,1.39
6040.00,15100.00,349.00,3.03,0.00,-7.82,-0.19,0.00,1.55
6040.00,15100.00,350.00,2.52,0.00,-8.92,0.32,0.00,0.78
6040.00,15100.00,344.00,0.98,0.00,-2.79,-0.26,0.00,-1.23
6040.00,15100.00,345.00,3.41,0.00,0.05,0.13,0.00,1.64
6040.00,15100.00,346.00,2.23,0.00,-2.50,-0.15,0.00,-1.44
6040.00,15100.00,347.00,3.82,0.00,-4.39,-0.12,0.00,1.45
6040.00,15100.00,348.00,3.76,0.00,-7.54,-0.30,0.00,1.44
6040.00,15100.00,349.00,2.95,0.00,-7.20,-0.23,0.00,1.55
6040.00,15100.00,350.00,2.64,0.00,-8.61,0.27,0.00,0.71
6050.00,15100.00,344.00,0.84,0.00,-3.28,-0.02,0.00,-1.15
6050.00,15100.00,345.00,3.48,0.00,0.71,0.20,0.00,1.67
6050.00,15100.00,346.00,2.23,0.00,-3.07,-0.01,0.00,-1.44
6050.00,15100.00,347.00,3.67,0.00,-3.77,-0.19,0.00,1.39
6050.00,15100.00,348.00,3.60,0.00,-6.94,-0.28,0.00,1.54
6050.00,15100.00,349.00,2.84,0.00,-6.58,-0.21,0.00,1.53
6050.00,15100.00,350.00,2.73,0.00,-8.36,0.16,0.00,0.81
6050.00,15100.00,344.00,0.97,0.00,-3.71,0.10,0.00,-1.12
6050.00,15100.00,345.00,3.58,0.00,1.39,0.09,0.00,1.69
6050.00,15100.00,346.00,2.22,0.00,-3.65,-0.10,0.00,-1.45
6050.00,15100.00,347.00,3.66,0.00,-3.28,0.10,0.00,1.38
6050.00,15100.00,348.00,3.54,0.00,-6.30,-0.16,0.00,1.56
6050.00,15100.00,349.00,2.78,0.00,-5.98,-0.15,0.00,1.50
6050.00,15100.00,350.00,2.77,0.00,-7.96,0.16,0.00,0.83
6060.00,15100.00,344.00,0.92,0.00,-4.17,-0.02,0.00,-1.13
6060.00,15100.00,345.00,3.56,0.00,2.06,-0.03,0.00,1.56
6060.00,15100.00,346.00,2.15,0.00,-4.24,-0.15,0.00,-1.50
6060.00,15100.00,347.00,3.75,0.00,-2.67,0.10,0.00,1.45
6060.00,15100.00,348.00,3.47,0.00,-5.69,-0.16,0.00,1.56
6060.00,15100.00,349.00,2.73,0.00,-5.38,-0.08,0.00,1.54
6060.00,15100.00,350.00,2.85,0.00,-7.69,0.40,0.00,0.76
6060.00,15100.00,351.00,0.82,0.00,3.29,0.00,0.00,-1.75
6060.00,15200.00,344.00,0.96,0.00,-4.62,-0.28,0.00,-1.26
6060.00,15200.00,345.00,3.55,0.00,2.64,-0.01,0.00,1.46
6060.00,15200.00,346.00,2.10,0.00,-4.85,-0.05,0.00,-1.66
6060.00,15200.00,347.00,3.74,0.00,-2.12,-0.02,0.00,1.32
6060.00,15200.00,348.00,3.41,0.00,-5.06,-0.05,0.00,1.62
6060.00,15200.00,349.00,2.72,0.00,-4.75,0.09,0.00,1.62
6060.00,15200.00,350.00,3.09,0.00,-7.35,0.49,0.00,0.71
6060.00,15200.00,351.00,0.82,0.00,2.59,0.09,0.00,-1.79
6060.00,15200.00,344.00,0.70,0.00,-5.18,-0.23,0.00,-1.14
6060.00,15200.00,346.00,2.11,0.00,-5.57,-0.15,0.00,-1.46
6060.00,15200.00,347.00,3.74,0.00,-1.61,-0.01,0.00,1.41
6060.00,15200.00,348.00,3.43,0.00,-4.39,-0.07,0.00,1.70
6060.00,15200.00,349.00,2.80,0.00,-4.09,-0.15,0.00,1.52
6060.00,15200.00,350.00,3.25,0.00,-7.13,0.35,0.00,0.66
6060.00,15200.00,351.00,0.89,0.00,1.85,0.08,0.00,-1.84
6070.00,15200.00,344.00,0.77,0.00,-5.53,0.05,0.00,-1.14
6070.00,15200.00,346.00,1.98,0.00,-6.01,-0.07,0.00,-1.34
6070.00,15200.00,347.00,3.73,0.00,-0.99,-0.04,0.00,1.39
6070.00,15200.00,348.00,3.36,0.00,-3.70,-0.11,0.00,1.73
6070.00,15200.00,349.00,2.61,0.00,-3.53,-0.32,0.00,1.57
6070.00,15200.00,350.00,3.37,0.00,-6.82,0.25,0.00,0.82
6070.00,15200.00,351.00,0.88,0.00,1.11,0.08,0.00,-1.84
6070.00,15200.00,344.00,0.74,0.00,-6.09,0.12,0.00,-1.25
6070.00,15200.00,346.00,2.05,0.00,-6.64,-0.09,0.00,-1.62
6070.00,15200.00,347.00,3.71,0.00,-0.50,-0.05,0.00,1.22
6070.00,15200.00,348.00,3.34,0.00,-3.01,-0.11,0.00,1.68
6070.00,15200.00,349.00,2.54,0.00,-2.83,-0.21,0.00,1.58
6070.00,15200.00,350.00,3.44,0.00,-6.47,0.22,0.00,0.70
6070.00,15200.00,351.00,0.95,0.00,0.38,0.08,0.00,-1.99
6080.00,15200.00,344.00,0.87,0.00,-6.52,0.32,0.00,-1.09
6080.00,15200.00,346.00,1.91,0.00,-7.31,-0.37,0.00,-1.67
6080.00,15200.00,347.00,3.70,0.00,-0.01,0.18,0.00,1.31
6080.00,15200.00,348.00,3.27,0.00,-2.35,-0.18,0.00,1.62
6080.00,15200.00,349.00,2.44,0.00,-2.27,-0.12,0.00,1.60
6080.00,15200.00,350.00,3.54,0.00,-6.26,0.25,0.00,0.52
6080.00,15200.00,351.00,0.94,0.00,-0.48,0.07,0.00,-2.01
6080.00,15200.00,347.00,3.85,0.00,0.55,0.12,0.00,1.32
6080.00,15200.00,348.00,3.19,0.00,-1.72,-0.12,0.00,1.63
6080.00,15200.00,349.00,2.44,0.00,-1.56,-0.16,0.00,1.68
6080.00,15200.00,351.00,1.01,0.00,-1.23,0.15,0.00,-1.92
6080.00,15200.00,347.00,3.79,0.00,1.05,-0.16,0.00,1.19
6080.00,15200.00,348.00,3.18,0.00,-1.05,-0.17,0.00,1.79
6080.00,15200.00,349.00,2.31,0.00,-0.93,-0.26,0.00,1.44
6080.00,15200.00,351.00,1.06,0.00,-2.02,0.12,0.00,-1.97
6090.00,15200.00,347.00,3.72,0.00,1.50,-0.09,0.00,1.30
6090.00,15200.00,348.00,3.05,0.00,-0.29,-0.20,0.00,1.82
6090.00,15200.00,349.00,2.23,0.00,-0.40,-0.18,0.00,1.36
6090.00,15200.00,347.00,3.72,0.00,2.09,-0.04,0.00,1.32
6090.00,15200.00,348.00,3.02,0.00,0.41,-0.16,0.00,1.62
6090.00,15200.00,349.00,2.17,0.00,0.16,-0.08,0.00,1.45
6100.00,15200.00,347.00,3.69,0.00,2.56,-0.07,0.00,1.13
6100.00,15200.00,348.00,2.93,0.00,1.01,-0.19,0.00,1.52
6100.00,15200.00,349.00,2.17,0.00,0.76,-0.01,0.00,1.46
6100.00,15300.00,347.00,3.66,0.00,2.99,-0.08,0.00,1.08
6100.00,15300.00,348.00,2.87,0.00,1.63,-0.14,0.00,1.54
6100.00,15300.00,349.00,2.16,0.00,1.33,-0.01,0.00,1.43
6320.00,15800.00,354.00,1.60,0.00,-1.09,-0.15,0.00,-0.93
6330.00,15800.00,354.00,1.54,0.00,-1.46,-0.15,0.00,-0.95
6330.00,15800.00,355.00,1.19,0.00,2.84,-0.08,0.00,-1.43
6330.00,15800.00,356.00,0.54,0.00,0.00,-0.05,0.00,-0.09
6330.00,15800.00,354.00,1.48,0.00,-1.85,-0.03,0.00,-1.02
6330.00,15800.00,355.00,1.15,0.00,2.27,0.04,0.00,-1.45
6330.00,15800.00,356.00,0.51,0.00,-0.03,-0.03,0.00,-0.05
6340.00,15800.00,354.00,1.52,0.00,-2.27,-0.01,0.00,-1.07
6340.00,15800.00,355.00,1.21,0.00,1.68,0.22,0.00,-1.55
6340.00,15800.00,356.00,0.51,0.00,-0.03,0.00,0.00,0.00
6340.00,15900.00,354.00,1.47,0.00,-2.71,-0.08,0.00,-1.06
6340.00,15900.00,355.00,1.33,0.00,1.02,0.15,0.00,-1.54
6340.00,15900.00,356.00,0.51,0.00,-0.03,0.00,0.00,0.00
6340.00,15900.00,354.00,1.45,0.00,-3.12,-0.02,0.00,-1.12
6340.00,15900.00,355.00,1.33,0.00,0.45,-0.01,0.00,-1.79
6340.00,15900.00,356.00,0.51,0.00,-0.03,0.00,0.00,0.00
6340.00,15900.00,357.00,1.28,0.00,3.08,0.24,0.00,-1.63
6350.00,15900.00,354.00,1.46,0.00,-3.61,-0.07,0.00,-1.19
6350.00,15900.00,355.00,1.32,0.00,-0.41,-0.01,0.00,-1.89
6350.00,15900.00,356.00,0.51,0.00,-0.03,0.00,0.00,0.00
6350.00,15900.00,357.00,1.37,0.00,2.43,0.14,0.00,-1.62
6350.00,15900.00,354.00,1.40,0.00,-4.08,-0.06,0.00,-1.14
6350.00,15900.00,355.00,1.32,0.00,-1.07,-0.15,0.00,-1.80
6350.00,15900.00,356.00,0.51,0.00,-0.03,0.00,0.00,0.00
6350.00,15900.00,357.00,1.39,0.00,1.79,0.10,0.00,-1.63
6360.00,15900.00,354.00,1.41,0.00,-4.52,0.01,0.00,-1.15
6360.00,15900.00,355.00,1.20,0.00,-1.85,-0.28,0.00,-1.64
6360.00,15900.00,356.00,0.51,0.00,-0.03,0.00,0.00,0.00
6360.00,15900.00,357.00,1.45,0.00,1.13,0.07,0.00,-1.65
6360.00,15900.00,354.00,1.40,0.00,-5.00,-0.09,0.00,-1.17
6360.00,15900.00,355.00,1.10,0.00,-2.38,-0.33,0.00,-1.72
6360.00,15900.00,356.00,0.51,0.00,-0.03,0.00,0.00,0.00
6360.00,15900.00,357.00,1.45,0.00,0.47,-0.09,0.00,-1.63
6360.00,15900.00,358.00,2.69,0.00,-10.10,-0.24,0.00,1.45
6360.00,15900.00,354.00,1.34,0.00,-5.46,-0.06,0.00,-1.12
6360.00,15900.00,355.00,0.94,0.00,-3.23,-0.36,0.00,-1.77
6360.00,15900.00,356.00,0.51,0.00,-0.03,0.02,0.00,-0.05
6360.00,15900.00,357.00,1.37,0.00,-0.18,-0.02,0.00,-1.67
6360.00,15900.00,358.00,2.59,0.00,-9.52,0.01,0.00,1.39
6360.00,15900.00,359.00,3.57,0.00,-9.75,-0.12,0.00,1.19
6370.00,15900.00,354.00,1.35,0.00,-5.90,-0.01,0.00,-1.10
6370.00,15900.00,355.00,0.81,0.00,-3.80,-0.40,0.00,-1.65
6370.00,15900.00,356.00,0.53,0.00,-0.08,0.02,0.00,-0.05
6370.00,15900.00,357.00,1.43,0.00,-0.86,-0.07,0.00,-1.69
6370.00,15900.00,358.00,2.69,0.00,-8.99,0.01,0.00,1.42
6370.00,15900.00,359.00,3.53,0.00,-9.27,0.05,0.00,1.35
6370.00,15900.00,360.00,3.77,0.00,-6.93,0.02,0.00,1.17
6370.00,15900.00,354.00,1.33,0.00,-6.34,-0.08,0.00,-1.10
6370.00,15900.00,355.00,0.62,0.00,-4.54,-0.42,0.00,-2.03
6370.00,15900.00,356.00,0.53,0.00,-0.08,-0.04,0.00,0.06
6370.00,15900.00,357.00,1.32,0.00,-1.53,-0.21,0.00,-1.70
6370.00,15900.00,358.00,2.60,0.00,-8.39,-0.15,0.00,1.40
6370.00,15900.00,359.00,3.61,0.00,-8.67,0.01,0.00,1.45
6370.00,15900.00,360.00,3.78,0.00,-6.46,-0.14,0.00,1.19
6380.00,15900.00,354.00,1.28,0.00,-6.78,0.03,0.00,-1.08
6380.00,15900.00,355.00,0.47,0.00,-5.42,-0.35,0.00,-1.97
6380.00,15900.00,356.00,0.50,0.00,-0.03,0.00,0.00,0.07
6380.00,15900.00,357.00,1.26,0.00,-2.22,-0.17,0.00,-1.73
6380.00,15900.00,358.00,2.57,0.00,-7.87,0.04,0.00,1.59
6380.00,15900.00,359.00,3.53,0.00,-8.11,-0.21,0.00,1.44
6380.00,15900.00,360.00,3.66,0.00,-5.98,-0.32,0.00,1.03
6380.00,16000.00,354.00,1.35,0.00,-7.21,0.08,0.00,-1.04
6380.00,16000.00,355.00,0.34,0.00,-6.12,-0.22,0.00,-1.83
6380.00,16000.00,356.00,0.53,0.00,-0.02,0.04,0.00,-0.06
6380.00,16000.00,357.00,1.18,0.00,-2.91,-0.19,0.00,-1.76
6380.00,16000.00,358.00,2.63,0.00,-7.12,-0.08,0.00,1.52
6380.00,16000.00,359.00,3.44,0.00,-7.52,0.00,0.00,1.33
6380.00,16000.00,360.00,3.52,0.00,-5.63,-0.15,0.00,1.02
6380.00,16000.00,361.00,-0.89,0.00,-6.71,0.00,0.00,0.00
6380.00,16000.00,354.00,1.35,0.00,-7.61,-0.03,0.00,-1.03
6380.00,16000.00,355.00,0.30,0.00,-6.89,-0.01,0.00,-1.83
6380.00,16000.00,356.00,0.53,0.00,-0.08,0.00,0.00,-0.07
6380.00,16000.00,357.00,1.10,0.00,-3.63,-0.15,0.00,-1.84
6380.00,16000.00,358.00,2.51,0.00,-6.65,-0.09,0.00,1.27
6380.00,16000.00,359.00,3.54,0.00,-7.05,-0.02,0.00,1.38
6380.00,16000.00,360.00,3.55,0.00,-5.17,-0.08,0.00,1.06
6380.00,16000.00,361.00,-0.89,0.00,-6.71,0.00,0.00,0.00
6390.00,16000.00,354.00,1.33,0.00,-8.03,0.08,0.00,-1.09
6390.00,16000.00,355.00,0.33,0.00,-7.58,-0.05,0.00,-1.73
6390.00,16000.00,356.00,0.53,0.00,-0.08,0.00,0.00,0.07
6390.00,16000.00,357.00,1.06,0.00,-4.39,-0.15,0.00,-1.85
6390.00,16000.00,358.00,2.56,0.00,-6.10,0.03,0.00,1.39
6390.00,16000.00,359.00,3.43,0.00,-6.41,-0.22,0.00,1.39
6390.00,16000.00,360.00,3.46,0.00,-4.79,-0.05,0.00,1.11
6390.00,16000.00,361.00,-0.89,0.00,-6.71,0.00,0.00,0.00
6390.00,16000.00,354.00,1.41,0.00,-8.48,0.15,0.00,-1.12
6390.00,16000.00,355.00,0.26,0.00,-8.27,0.02,0.00,-1.78
6390.00,16000.00,356.00,0.53,0.00,-0.02,0.00,0.00,0.02
6390.00,16000.00,357.00,0.98,0.00,-5.10,0.14,0.00,-1.77
6390.00,16000.00,358.00,2.53,0.00,-5.55,-0.20,0.00,1.41
6390.00,16000.00,359.00,3.36,0.00,-5.94,-0.04,0.00,1.31
6390.00,16000.00,360.00,3.50,0.00,-4.28,0.28,0.00,1.12
6390.00,16000.00,361.00,-0.89,0.00,-6.71,0.00,0.00,0.00
6400.00,16000.00,354.00,1.45,0.00,-8.92,0.08,0.00,-1.11
6400.00,16000.00,355.00,0.35,0.00,-9.01,0.31,0.00,-1.77
6400.00,16000.00,356.00,0.53,0.00,-0.06,-0.10,0.00,-0.01
6400.00,16000.00,357.00,1.17,0.00,-5.80,0.26,0.00,-1.73
6400.00,16000.00,358.00,2.40,0.00,-4.98,-0.06,0.00,1.42
6400.00,16000.00,359.00,3.39,0.00,-5.37,-0.06,0.00,1.43
6400.00,16000.00,360.00,3.69,0.00,-3.89,0.48,0.00,1.00
6400.00,16000.00,361.00,-0.89,0.00,-6.71,0.00,0.00,0.00
6400.00,16000.00,355.00,0.50,0.00,-9.68,0.38,0.00,-1.70
6400.00,16000.00,356.00,0.46,0.00,-0.03,-0.08,0.00,0.26
6400.00,16000.00,357.00,1.19,0.00,-6.49,-0.10,0.00,-1.83
6400.00,16000.00,358.00,2.49,0.00,-4.41,0.17,0.00,1.49
6400.00,16000.00,359.00,3.32,0.00,-4.79,-0.13,0.00,1.34
6400.00,16000.00,360.00,3.89,0.00,-3.48,0.44,0.00,1.12
6400.00,16000.00,361.00,-0.89,0.00,-6.71,0.00,0.00,0.00
6400.00,16000.00,356.00,0.47,0.00,0.15,0.02,0.00,0.35
6400.00,16000.00,357.00,1.09,0.00,-7.27,-0.25,0.00,-1.95
6400.00,16000.00,358.00,2.54,0.00,-3.78,0.06,0.00,1.50
6400.00,16000.00,359.00,3.29,0.00,-4.30,0.05,0.00,1.39
6400.00,16000.00,360.00,4.03,0.00,-2.99,0.19,0.00,1.02
6400.00,16000.00,361.00,-0.89,0.00,-6.71,0.00,0.00,0.00
6400.00,16000.00,362.00,1.69,0.00,2.44,-0.03,0.00,-1.28
6400.00,16000.00,363.00,2.26,0.00,2.44,0.11,0.00,-1.30
6410.00,16000.00,356.00,0.47,0.00,0.25,0.00,0.00,0.02
6410.00,16000.00,358.00,2.53,0.00,-3.21,0.19,0.00,1.36
6410.00,16000.00,359.00,3.36,0.00,-3.68,0.01,0.00,1.52
6410.00,16000.00,360.00,4.03,0.00,-2.66,0.15,0.00,0.81
6410.00,16000.00,361.00,-0.89,0.00,-6.71,0.00,0.00,0.00
6410.00,16000.00,362.00,1.68,0.00,1.92,-0.10,0.00,-1.35
6410.00,16000.00,363.00,2.30,0.00,1.92,0.11,0.00,-1.37
6410.00,16000.00,364.00,1.91,0.00,3.41,-0.32,0.00,-1.52
6410.00,16000.00,356.00,0.47,0.00,0.17,-0.01,0.00,-0.13
6410.00,16000.00,358.00,2.69,0.00,-2.69,0.30,0.00,1.27
6410.00,16000.00,359.00,3.30,0.00,-3.08,0.01,0.00,1.42
6410.00,16000.00,360.00,4.16,0.00,-2.35,0.10,0.00,1.03
6410.00,16000.00,361.00,-0.89,0.00,-6.71,0.00,0.00,0.00
6410.00,16000.00,362.00,1.61,0.00,1.36,-0.03,0.00,-1.43
6410.00,16000.00,363.00,2.34,0.00,1.34,-0.01,0.00,-1.40
6410.00,16000.00,364.00,1.78,0.00,2.80,-0.36,0.00,-1.50
6420.00,16000.00,356.00,0.47,0.00,0.15,0.00,0.00,-0.07
6420.00,16000.00,358.00,2.77,0.00,-2.19,0.12,0.00,1.29
6420.00,16000.00,359.00,3.37,0.00,-2.54,0.14,0.00,1.38
6420.00,16000.00,360.00,4.11,0.00,-1.84,-0.11,0.00,1.28
6420.00,16000.00,361.00,-0.89,0.00,-6.71,0.00,0.00,0.00
6420.00,16000.00,362.00,1.65,0.00,0.78,0.06,0.00,-1.42
6420.00,16000.00,363.00,2.30,0.00,0.79,-0.12,0.00,-1.36
6420.00,16000.00,364.00,1.62,0.00,2.21,-0.24,0.00,-1.45
6420.00,16000.00,365.00,1.29,0.00,3.96,0.12,0.00,-1.16
6420.00,16000.00,366.00,0.65,0.00,4.05,0.35,0.00,-1.31
6420.00,16100.00,356.00,0.47,0.00,0.11,-0.01,0.00,-0.10
6420.00,16100.00,358.00,2.78,0.00,-1.66,0.14,0.00,1.31
6420.00,16100.00,359.00,3.41,0.00,-1.98,-0.02,0.00,1.32
6420.00,16100.00,361.00,-0.89,0.00,-6.71,0.00,0.00,0.00
6420.00,16100.00,362.00,1.66,0.00,0.22,-0.03,0.00,-1.39
6420.00,16100.00,363.00,2.25,0.00,0.25,-0.08,0.00,-1.40
6420.00,16100.00,364.00,1.59,0.00,1.64,-0.35,0.00,-1.61
6420.00,16100.00,365.00,1.34,0.00,3.49,0.16,0.00,-1.30
6420.00,16100.00,366.00,0.79,0.00,3.53,0.23,0.00,-1.29
6420.00,16100.00,356.00,0.46,0.00,0.07,0.06,0.00,-0.14
6420.00,16100.00,358.00,2.88,0.00,-1.14,0.19,0.00,1.33
6420.00,16100.00,359.00,3.35,0.00,-1.48,0.07,0.00,1.24
6420.00,16100.00,361.00,-0.89,0.00,-6.71,0.00,0.00,0.00
6420.00,16100.00,362.00,1.62,0.00,-0.33,0.04,0.00,-1.45
6420.00,16100.00,363.00,2.23,0.00,-0.32,-0.06,0.00,-1.45
6420.00,16100.00,364.00,1.34,0.00,0.92,-0.44,0.00,-1.95
6420.00,16100.00,365.00,1.42,0.00,2.92,0.28,0.00,-1.29
6420.00,16100.00,366.00,0.84,0.00,3.02,0.11,0.00,-1.42
6430.00,16100.00,356.00,0.52,0.00,0.01,0.07,0.00,-0.09
6430.00,16100.00,358.00,2.93,0.00,-0.60,0.03,0.00,1.30
6430.00,16100.00,359.00,3.47,0.00,-0.99,0.20,0.00,1.27
6430.00,16100.00,361.00,-0.89,0.00,-6.71,0.00,0.00,0.00
6430.00,16100.00,362.00,1.68,0.00,-0.94,0.08,0.00,-1.53
6430.00,16100.00,363.00,2.20,0.00,-0.91,0.06,0.00,-1.47
6430.00,16100.00,364.00,1.24,0.00,0.08,-0.36,0.00,-1.82
6430.00,16100.00,365.00,1.56,0.00,2.46,0.30,0.00,-1.27
6430.00,16100.00,366.00,0.88,0.00,2.39,0.18,0.00,-1.48
6430.00,16100.00,356.00,0.52,0.00,0.01,0.00,0.00,0.00
6430.00,16100.00,358.00,2.90,0.00,-0.11,0.14,0.00,1.25
6430.00,16100.00,359.00,3.51,0.00,-0.47,0.03,0.00,1.31
6430.00,16100.00,361.00,-0.89,0.00,-6.71,0.00,0.00,0.00
6430.00,16100.00,362.00,1.69,0.00,-1.56,0.10,0.00,-1.48
6430.00,16100.00,363.00,2.28,0.00,-1.50,0.20,0.00,-1.44
6430.00,16100.00,364.00,1.05,0.00,-0.53,-0.55,0.00,-1.75
6430.00,16100.00,365.00,1.66,0.00,1.91,0.25,0.00,-1.38
6430.00,16100.00,366.00,0.98,0.00,1.84,0.23,0.00,-1.34
6440.00,16100.00,356.00,0.52,0.00,0.01,0.00,0.00,0.00
6440.00,16100.00,358.00,3.04,0.00,0.40,0.20,0.00,1.22
6440.00,16100.00,359.00,3.49,0.00,0.06,0.18,0.00,1.29
6440.00,16100.00,361.00,-0.89,0.00,-6.71,0.00,0.00,0.00
6440.00,16100.00,362.00,1.77,0.00,-2.12,0.15,0.00,-1.46
6440.00,16100.00,363.00,2.36,0.00,-2.06,0.13,0.00,-1.45
6440.00,16100.00,364.00,0.80,0.00,-1.32,-0.46,0.00,-1.90
6440.00,16100.00,365.00,1.76,0.00,1.35,0.18,0.00,-1.37
6440.00,16100.00,366.00,1.06,0.00,1.33,0.25,0.00,-1.39
6440.00,16100.00,356.00,0.52,0.00,0.01,0.00,0.00,0.00
6440.00,16100.00,358.00,3.06,0.00,0.87,0.06,0.00,1.16
6440.00,16100.00,359.00,3.66,0.00,0.56,0.42,0.00,1.25
6440.00,16100.00,361.00,-0.89,0.00,-6.71,0.00,0.00,0.00
6440.00,16100.00,362.00,1.81,0.00,-2.73,0.01,0.00,-1.50
6440.00,16100.00,363.00,2.38,0.00,-2.66,0.15,0.00,-1.50
6440.00,16100.00,364.00,0.68,0.00,-2.05,-0.32,0.00,-1.82
6440.00,16100.00,365.00,1.80,0.00,0.81,0.09,0.00,-1.38
6440.00,16100.00,366.00,1.18,0.00,0.73,0.28,0.00,-1.62
6440.00,16100.00,356.00,0.52,0.00,0.01,0.00,0.00,0.00
6440.00,16100.00,361.00,-0.89,0.00,-6.71,0.00,0.00,0.00
6440.00,16100.00,362.00,1.77,0.00,-3.32,0.04,0.00,-1.42
6440.00,16100.00,363.00,2.48,0.00,-3.26,0.13,0.00,-1.47
6440.00,16100.00,364.00,0.55,0.00,-2.78,-0.24,0.00,-1.74
6440.00,16100.00,365.00,1.82,0.00,0.25,0.38,0.00,-1.47
6440.00,16100.00,366.00,1.29,0.00,0.03,0.04,0.00,-1.43
6440.00,16100.00,367.00,3.37,0.00,-6.74,-0.06,0.00,1.48
6440.00,16100.00,368.00,4.16,0.00,-6.90,0.07,0.00,1.41
6450.00,16100.00,356.00,0.52,0.00,0.01,0.00,0.00,0.00
6450.00,16100.00,361.00,-0.89,0.00,-6.71,0.00,0.00,0.00
6450.00,16100.00,362.00,1.84,0.00,-3.87,0.16,0.00,-1.36
6450.00,16100.00,363.00,2.48,0.00,-3.84,-0.01,0.00,-1.46
6450.00,16100.00,364.00,0.49,0.00,-3.44,-0.22,0.00,-1.72
6450.00,16100.00,365.00,2.10,0.00,-0.36,0.12,0.00,-1.56
6450.00,16100.00,366.00,1.21,0.00,-0.42,-0.05,0.00,-1.34
6450.00,16100.00,367.00,3.35,0.00,-6.15,-0.06,0.00,1.46
6450.00,16100.00,368.00,4.19,0.00,-6.34,0.03,0.00,1.48
6450.00,16100.00,369.00,-0.59,0.00,2.83,0.00,0.00,0.00
6450.00,16100.00,371.00,-0.66,0.00,3.35,0.00,0.00,0.00
6450.00,16100.00,356.00,0.52,0.00,0.01,0.00,0.00,0.00
6450.00,16100.00,361.00,-0.89,0.00,-6.71,0.00,0.00,0.00
6450.00,16100.00,362.00,1.90,0.00,-4.41,0.06,0.00,-1.40
6450.00,16100.00,363.00,2.47,0.00,-4.43,-0.01,0.00,-1.51
6450.00,16100.00,364.00,0.38,0.00,-4.15,-0.16,0.00,-2.03
6450.00,16100.00,365.00,1.92,0.00,-0.99,-0.18,0.00,-1.56
6450.00,16100.00,366.00,1.25,0.00,-1.04,0.08,0.00,-1.51
6450.00,16100.00,367.00,3.33,0.00,-5.58,0.03,0.00,1.42
6450.00,16100.00,368.00,4.19,0.00,-5.72,0.06,0.00,1.53
6450.00,16100.00,369.00,-0.59,0.00,2.83,0.00,0.00,0.00
6450.00,16100.00,371.00,-0.66,0.00,3.35,0.00,0.00,0.00
6460.00,16100.00,356.00,0.52,0.00,0.01,-0.12,0.00,0.04
6460.00,16100.00,361.00,-0.89,0.00,-6.71,0.00,0.00,0.00
6460.00,16100.00,362.00,1.89,0.00,-4.99,0.03,0.00,-1.62
6460.00,16100.00,363.00,2.47,0.00,-5.04,-0.07,0.00,-1.63
6460.00,16100.00,364.00,0.36,0.00,-5.06,0.04,0.00,-1.85
6460.00,16100.00,365.00,1.96,0.00,-1.61,0.03,0.00,-1.54
6460.00,16100.00,366.00,1.27,0.00,-1.62,-0.01,0.00,-1.40
6460.00,16100.00,367.00,3.38,0.00,-5.01,-0.04,0.00,1.43
6460.00,16100.00,368.00,4.24,0.00,-5.12,0.10,0.00,1.45
6460.00,16100.00,369.00,-0.59,0.00,2.83,0.00,0.00,0.00
6460.00,16100.00,371.00,-0.66,0.00,3.35,0.00,0.00,0.00
6460.00,16100.00,372.00,2.02,0.00,2.14,-0.22,0.00,-1.40
6460.00,16100.00,373.00,2.56,0.00,2.36,-0.31,0.00,-1.57
6460.00,16200.00,356.00,0.42,0.00,0.04,-0.12,0.00,0.04
6460.00,16200.00,361.00,-0.89,0.00,-6.71,0.00,0.00,0.00
6460.00,16200.00,362.00,1.92,0.00,-5.71,0.00,0.00,-1.67
6460.00,16200.00,363.00,2.41,0.00,-5.73,-0.08,0.00,-1.56
6460.00,16200.00,364.00,0.41,0.00,-5.64,0.17,0.00,-1.64
6460.00,16200.00,365.00,1.95,0.00,-2.23,-0.04,0.00,-1.54
6460.00,16200.00,366.00,1.24,0.00,-2.16,-0.06,0.00,-1.57
6460.00,16200.00,367.00,3.30,0.00,-4.44,-0.08,0.00,1.43
6460.00,16200.00,368.00,4.27,0.00,-4.55,-0.21,0.00,1.46
6460.00,16200.00,369.00,-0.59,0.00,2.83,0.00,0.00,0.00
6460.00,16200.00,371.00,-0.66,0.00,3.35,0.00,0.00,0.00
6460.00,16200.00,372.00,1.93,0.00,1.58,-0.05,0.00,-1.70
6460.00,16200.00,373.00,2.44,0.00,1.74,-0.02,0.00,-1.59
6460.00,16200.00,374.00,0.79,0.00,1.81,0.17,0.00,-2.08
6460.00,16200.00,356.00,0.42,0.00,0.04,-0.12,0.00,-0.03
6460.00,16200.00,361.00,-0.89,0.00,-6.71,0.00,0.00,0.00
6460.00,16200.00,362.00,1.89,0.00,-6.33,-0.06,0.00,-1.52
6460.00,16200.00,363.00,2.40,0.00,-6.29,0.08,0.00,-1.50
6460.00,16200.00,364.00,0.50,0.00,-6.37,0.21,0.00,-2.20
6460.00,16200.00,365.00,1.93,0.00,-2.84,0.01,0.00,-1.57
6460.00,16200.00,366.00,1.22,0.00,-2.88,-0.06,0.00,-1.57
6460.00,16200.00,367.00,3.31,0.00,-3.87,0.03,0.00,1.42
6460.00,16200.00,368.00,4.07,0.00,-3.95,-0.52,0.00,1.54
6460.00,16200.00,369.00,-0.59,0.00,2.83,0.00,0.00,0.00
6460.00,16200.00,371.00,-0.66,0.00,3.35,0.00,0.00,0.00
6460.00,16200.00,372.00,1.98,0.00,0.78,-0.10,0.00,-1.72
6460.00,16200.00,373.00,2.55,0.00,1.09,0.12,0.00,-1.59
6460.00,16200.00,374.00,0.86,0.00,0.98,0.14,0.00,-2.12
6460.00,16200.00,375.00,1.12,0.00,2.63,-0.02,0.00,-1.14
6460.00,16200.00,376.00,1.84,0.00,2.83,-0.02,0.00,-1.18
6460.00,16200.00,377.00,2.43,0.00,2.84,0.02,0.00,-1.23
6470.00,16200.00,356.00,0.33,0.00,0.01,-0.17,0.00,-0.05
6470.00,16200.00,361.00,-0.89,0.00,-6.71,0.00,0.00,0.00
6470.00,16200.00,362.00,1.87,0.00,-6.92,0.08,0.00,-1.51
6470.00,16200.00,363.00,2.48,0.00,-6.93,0.12,0.00,-1.67
6470.00,16200.00,364.00,0.57,0.00,-7.39,0.26,0.00,-2.20
6470.00,16200.00,365.00,1.95,0.00,-3.48,0.00,0.00,-1.59
6470.00,16200.00,366.00,1.19,0.00,-3.42,-0.06,0.00,-1.50
6470.00,16200.00,367.00,3.32,0.00,-3.30,-0.03,0.00,1.45
6470.00,16200.00,368.00,3.86,0.00,-3.32,-0.47,0.00,1.52
6470.00,16200.00,369.00,-0.59,0.00,2.83,0.00,0.00,0.00
6470.00,16200.00,371.00,-0.66,0.00,3.35,0.00,0.00,0.00
6470.00,16200.00,372.00,1.86,0.00,0.21,-0.20,0.00,-1.51
6470.00,16200.00,373.00,2.53,0.00,0.46,0.07,0.00,-1.66
6470.00,16200.00,374.00,0.90,0.00,0.11,-0.03,0.00,-2.20
6470.00,16200.00,375.00,1.11,0.00,2.18,0.03,0.00,-1.13
6470.00,16200.00,376.00,1.83,0.00,2.35,0.05,0.00,-1.17
6470.00,16200.00,377.00,2.44,0.00,2.35,0.03,0.00,-1.18
6470.00,16200.00,378.00,-0.82,0.00,-2.48,0.00,0.00,0.00
6470.00,16200.00,356.00,0.29,0.00,0.00,-0.02,0.00,0.13
6470.00,16200.00,361.00,-0.89,0.00,-6.71,0.00,0.00,0.00
6470.00,16200.00,362.00,1.95,0.00,-7.53,0.14,0.00,-1.33
6470.00,16200.00,363.00,2.49,0.00,-7.63,0.12,0.00,-1.52
6470.00,16200.00,364.00,0.70,0.00,-8.13,0.27,0.00,-1.92
6470.00,16200.00,365.00,1.93,0.00,-4.12,0.05,0.00,-1.62
6470.00,16200.00,366.00,1.17,0.00,-4.08,-0.05,0.00,-1.65
6470.00,16200.00,367.00,3.28,0.00,-2.71,0.06,0.00,1.46
6470.00,16200.00,368.00,3.69,0.00,-2.74,-0.18,0.00,1.19
6470.00,16200.00,369.00,-0.59,0.00,2.83,0.00,0.00,0.00
6470.00,16200.00,371.00,-0.66,0.00,3.35,0.00,0.00,0.00
6470.00,16200.00,372.00,1.82,0.00,-0.42,-0.13,0.00,-1.55
6470.00,16200.00,373.00,2.60,0.00,-0.24,0.04,0.00,-1.71
6470.00,16200.00,374.00,0.83,0.00,-0.78,-0.24,0.00,-2.13
6470.00,16200.00,375.00,1.14,0.00,1.73,0.06,0.00,-1.08
6470.00,16200.00,376.00,1.88,0.00,1.89,0.08,0.00,-1.13
6470.00,16200.00,377.00,2.45,0.00,1.89,0.14,0.00,-1.20
6470.00,16200.00,378.00,-0.82,0.00,-2.48,-0.33,0.00,0.24
6480.00,16200.00,356.00,0.31,0.00,0.12,-0.01,0.00,0.30
6480.00,16200.00,361.00,-0.89,0.00,-6.71,0.00,0.00,0.00
6480.00,16200.00,362.00,1.98,0.00,-7.99,-0.01,0.00,-1.43
6480.00,16200.00,363.00,2.58,0.00,-8.15,0.11,0.00,-1.35
6480.00,16200.00,364.00,0.79,0.00,-8.93,0.38,0.00,-2.05
6480.00,16200.00,365.00,1.99,0.00,-4.78,0.07,0.00,-1.65
6480.00,16200.00,366.00,1.16,0.00,-4.74,0.01,0.00,-1.86
6480.00,16200.00,367.00,3.37,0.00,-2.13,0.08,0.00,1.43
6480.00,16200.00,368.00,3.71,0.00,-2.37,0.15,0.00,1.15
6480.00,16200.00,369.00,-0.59,0.00,2.83,0.00,0.00,0.00
6480.00,16200.00,371.00,-0.66,0.00,3.35,0.00,0.00,0.00
6480.00,16200.00,372.00,1.75,0.00,-1.03,-0.06,0.00,-1.53
6480.00,16200.00,373.00,2.57,0.00,-0.90,-0.09,0.00,-1.71
6480.00,16200.00,374.00,0.71,0.00,-1.59,-0.19,0.00,-2.06
6480.00,16200.00,375.00,1.16,0.00,1.31,0.01,0.00,-1.15
6480.00,16200.00,376.00,1.89,0.00,1.45,0.00,0.00,-1.16
6480.00,16200.00,377.00,2.55,0.00,1.38,0.09,0.00,-1.29
6480.00,16200.00,378.00,-1.08,0.00,-2.28,-0.35,0.00,0.37
6480.00,16200.00,356.00,0.28,0.00,0.24,0.05,0.00,0.09
6480.00,16200.00,361.00,-0.89,0.00,-6.71,0.00,0.00,0.00
6480.00,16200.00,362.00,1.94,0.00,-8.67,-0.07,0.00,-1.65
6480.00,16200.00,363.00,2.58,0.00,-8.71,-0.01,0.00,-1.44
6480.00,16200.00,364.00,1.01,0.00,-9.77,0.54,0.00,-2.10
6480.00,16200.00,365.00,1.99,0.00,-5.44,0.03,0.00,-1.62
6480.00,16200.00,366.00,1.18,0.00,-5.56,0.10,0.00,-1.57
6480.00,16200.00,367.00,3.35,0.00,-1.56,-0.04,0.00,1.37
6480.00,16200.00,368.00,3.81,0.00,-1.82,0.19,0.00,1.46
6480.00,16200.00,369.00,-0.59,0.00,2.83,0.00,0.00,0.00
6480.00,16200.00,371.00,-0.66,0.00,3.35,0.00,0.00,0.00
6480.00,16200.00,372.00,1.77,0.00,-1.65,-0.04,0.00,-1.51
6480.00,16200.00,373.00,2.53,0.00,-1.61,-0.14,0.00,-1.78
6480.00,16200.00,374.00,0.68,0.00,-2.43,-0.04,0.00,-2.01
6480.00,16200.00,375.00,1.15,0.00,0.81,0.14,0.00,-1.29
6480.00,16200.00,376.00,1.88,0.00,0.96,0.02,0.00,-1.22
6480.00,16200.00,377.00,2.52,0.00,0.86,-0.07,0.00,-1.29
6480.00,16200.00,378.00,-1.10,0.00,-2.18,-0.07,0.00,0.42
6480.00,16200.00,356.00,0.36,0.00,0.19,-0.16,0.00,0.20
6480.00,16200.00,361.00,-0.89,0.00,-6.71,0.00,0.00,0.00
6480.00,16200.00,362.00,1.93,0.00,-9.31,0.00,0.00,-1.65
6480.00,16200.00,363.00,2.57,0.00,-9.30,0.05,0.00,-1.55
6480.00,16200.00,365.00,2.01,0.00,-6.08,0.07,0.00,-1.65
6480.00,16200.00,366.00,1.24,0.00,-5.99,0.07,0.00,-1.69
6480.00,16200.00,367.00,3.34,0.00,-1.03,0.03,0.00,1.32
6480.00,16200.00,368.00,3.86,0.00,-1.20,0.19,0.00,1.48
6480.00,16200.00,369.00,-0.59,0.00,2.83,0.00,0.00,0.00
6480.00,16200.00,371.00,-0.66,0.00,3.35,0.00,0.00,0.00
6480.00,16200.00,372.00,1.72,0.00,-2.24,-0.06,0.00,-1.59
6480.00,16200.00,373.00,2.45,0.00,-2.33,-0.17,0.00,-1.86
6480.00,16200.00,374.00,0.68,0.00,-3.20,0.05,0.00,-2.02
6480.00,16200.00,375.00,1.27,0.00,0.28,0.16,0.00,-1.32
6480.00,16200.00,376.00,1.91,0.00,0.48,0.02,0.00,-1.27
6480.00,16200.00,377.00,2.49,0.00,0.35,-0.05,0.00,-1.30
6480.00,16200.00,378.00,-1.14,0.00,-1.94,-0.07,0.00,0.50
6480.00,16200.00,379.00,3.87,0.00,-5.84,-0.34,0.00,1.94
6490.00,16200.00,356.00,0.16,0.00,0.40,-0.14,0.00,0.15
6490.00,16200.00,361.00,-0.89,0.00,-6.71,0.00,0.00,0.00
6490.00,16200.00,362.00,1.94,0.00,-9.99,0.05,0.00,-1.71
6490.00,16200.00,363.00,2.62,0.00,-9.94,0.14,0.00,-1.60
6490.00,16200.00,365.00,2.05,0.00,-6.76,-0.15,0.00,-1.84
6490.00,16200.00,366.00,1.24,0.00,-6.92,0.03,0.00,-2.04
6490.00,16200.00,367.00,3.37,0.00,-0.51,-0.08,0.00,1.36
6490.00,16200.00,368.00,3.96,0.00,-0.63,0.06,0.00,1.50
6490.00,16200.00,369.00,-0.59,0.00,2.83,0.00,0.00,0.00
6490.00,16200.00,371.00,-0.66,0.00,3.35,0.00,0.00,0.00
6490.00,16200.00,372.00,1.72,0.00,-2.92,0.04,0.00,-1.75
6490.00,16200.00,373.00,2.39,0.00,-3.09,0.01,0.00,-1.83
6490.00,16200.00,374.00,0.72,0.00,-4.05,-0.15,0.00,-2.26
6490.00,16200.00,375.00,1.28,0.00,-0.24,-0.05,0.00,-1.37
6490.00,16200.00,376.00,1.90,0.00,-0.06,-0.07,0.00,-1.30
6490.00,16200.00,377.00,2.48,0.00,-0.18,-0.09,0.00,-1.32
6490.00,16200.00,378.00,-1.15,0.00,-1.78,-0.36,0.00,0.61
6490.00,16200.00,379.00,3.73,0.00,-5.07,-0.17,0.00,1.92
6490.00,16200.00,356.00,0.25,0.00,0.31,0.15,0.00,-0.35
6490.00,16200.00,361.00,-0.89,0.00,-6.71,0.00,0.00,0.00
6490.00,16200.00,365.00,1.89,0.00,-7.55,-0.12,0.00,-1.77
6490.00,16200.00,366.00,1.26,0.00,-7.62,-0.07,0.00,-1.66
6490.00,16200.00,367.00,3.27,0.00,0.06,-0.13,0.00,1.41
6490.00,16200.00,368.00,3.91,0.00,0.00,-0.12,0.00,1.52
6490.00,16200.00,369.00,-0.59,0.00,2.83,0.00,0.00,0.00
6490.00,16200.00,371.00,-0.66,0.00,3.35,0.00,0.00,0.00
6490.00,16200.00,372.00,1.76,0.00,-3.64,-0.03,0.00,-1.77
6490.00,16200.00,373.00,2.47,0.00,-3.79,0.13,0.00,-1.72
6490.00,16200.00,374.00,0.56,0.00,-5.00,0.17,0.00,-1.96
6490.00,16200.00,375.00,1.22,0.00,-0.82,-0.05,0.00,-1.27
6490.00,16200.00,376.00,1.85,0.00,-0.57,-0.05,0.00,-1.31
6490.00,16200.00,377.00,2.41,0.00,-0.70,-0.07,0.00,-1.30
6490.00,16200.00,378.00,-1.43,0.00,-1.46,-0.56,0.00,0.56
6490.00,16200.00,379.00,3.74,0.00,-4.30,0.01,0.00,1.88
6500.00,16200.00,356.00,0.28,0.00,0.12,0.10,0.00,-0.27
6500.00,16200.00,361.00,-0.89,0.00,-6.71,0.00,0.00,0.00
6500.00,16200.00,365.00,1.95,0.00,-8.17,0.07,0.00,-1.58
6500.00,16200.00,366.00,1.18,0.00,-8.24,-0.14,0.00,-1.73
6500.00,16200.00,367.00,3.27,0.00,0.62,-0.08,0.00,1.36
6500.00,16200.00,368.00,3.87,0.00,0.59,-0.01,0.00,1.46
6500.00,16200.00,369.00,-0.59,0.00,2.83,0.00,0.00,0.00
6500.00,16200.00,371.00,-0.66,0.00,3.35,0.00,0.00,0.00
6500.00,16200.00,372.00,1.70,0.00,-4.33,-0.03,0.00,-1.72
6500.00,16200.00,373.00,2.50,0.00,-4.47,0.07,0.00,-1.72
6500.00,16200.00,374.00,0.86,0.00,-5.62,0.65,0.00,-1.95
6500.00,16200.00,375.00,1.24,0.00,-1.26,0.04,0.00,-1.33
6500.00,16200.00,376.00,1.86,0.00,-1.10,-0.07,0.00,-1.33
6500.00,16200.00,377.00,2.42,0.00,-1.22,0.06,0.00,-1.34
6500.00,16200.00,378.00,-1.60,0.00,-1.33,0.00,0.00,0.34
6500.00,16200.00,379.00,3.74,0.00,-3.56,0.00,0.00,1.76
6500.00,16300.00,356.00,0.33,0.00,0.09,-0.09,0.00,0.06
6500.00,16300.00,361.00,-0.89,0.00,-6.71,0.03,0.00,0.10
6500.00,16300.00,365.00,1.95,0.00,-8.81,-0.09,0.00,-1.70
6500.00,16300.00,366.00,1.14,0.00,-9.01,0.09,0.00,-1.77
6500.00,16300.00,367.00,3.20,0.00,1.14,-0.22,0.00,1.33
6500.00,16300.00,368.00,3.90,0.00,1.16,0.05,0.00,1.37
6500.00,16300.00,369.00,-0.59,0.00,2.83,0.00,0.00,0.00
6500.00,16300.00,371.00,-0.66,0.00,3.35,0.00,0.00,0.00
6500.00,16300.00,372.00,1.74,0.00,-5.01,0.02,0.00,-1.73
6500.00,16300.00,373.00,2.52,0.00,-5.17,0.04,0.00,-1.74
6500.00,16300.00,374.00,1.07,0.00,-6.56,0.35,0.00,-2.15
6500.00,16300.00,375.00,1.26,0.00,-1.88,-0.08,0.00,-1.42
6500.00,16300.00,376.00,1.79,0.00,-1.63,-0.14,0.00,-1.32
6500.00,16300.00,377.00,2.47,0.00,-1.78,0.04,0.00,-1.41
6500.00,16300.00,378.00,-1.43,0.00,-1.19,0.25,0.00,0.43
6500.00,16300.00,379.00,3.74,0.00,-2.90,0.05,0.00,1.75
6500.00,16300.00,380.00,1.82,0.00,3.58,0.21,0.00,-1.27
6500.00,16300.00,381.00,-2.34,0.00,-1.05,0.15,0.00,-0.07
6500.00,16300.00,356.00,0.20,0.00,0.17,-0.12,0.00,0.07
6500.00,16300.00,361.00,-0.87,0.00,-6.63,0.05,0.00,0.10
6500.00,16300.00,365.00,1.88,0.00,-9.53,-0.19,0.00,-1.79
6500.00,16300.00,366.00,1.26,0.00,-9.66,0.28,0.00,-1.63
6500.00,16300.00,367.00,3.09,0.00,1.69,-0.17,0.00,1.37
6500.00,16300.00,368.00,3.91,0.00,1.69,-0.02,0.00,1.22
6500.00,16300.00,369.00,-0.59,0.00,2.83,0.00,0.00,0.00
6500.00,16300.00,371.00,-0.66,0.00,3.35,0.00,0.00,0.00
6500.00,16300.00,372.00,1.72,0.00,-5.71,-0.09,0.00,-1.72
6500.00,16300.00,373.00,2.54,0.00,-5.86,-0.07,0.00,-1.73
6500.00,16300.00,374.00,1.14,0.00,-7.33,0.27,0.00,-1.83
6500.00,16300.00,375.00,1.17,0.00,-2.39,-0.10,0.00,-1.32
6500.00,16300.00,376.00,1.75,0.00,-2.16,-0.03,0.00,-1.36
6500.00,16300.00,377.00,2.45,0.00,-2.35,0.04,0.00,-1.39
6500.00,16300.00,378.00,-1.40,0.00,-0.99,0.07,0.00,0.40
6500.00,16300.00,379.00,3.78,0.00,-2.16,0.19,0.00,1.90
6500.00,16300.00,380.00,1.91,0.00,3.07,0.25,0.00,-1.33
6500.00,16300.00,381.00,-2.28,0.00,-1.08,0.07,0.00,-0.04
6510.00,16300.00,356.00,0.24,0.00,0.15,0.03,0.00,0.02
6510.00,16300.00,361.00,-0.85,0.00,-6.64,0.02,0.00,-0.16
6510.00,16300.00,367.00,3.06,0.00,2.24,-0.24,0.00,1.46
6510.00,16300.00,368.00,3.88,0.00,2.14,0.03,0.00,1.37
6510.00,16300.00,369.00,-0.59,0.00,2.83,0.00,0.00,0.00
6510.00,16300.00,371.00,-0.66,0.00,3.35,0.00,0.00,0.00
6510.00,16300.00,372.00,1.66,0.00,-6.39,-0.03,0.00,-1.72
6510.00,16300.00,373.00,2.46,0.00,-6.55,-0.16,0.00,-1.75
6510.00,16300.00,374.00,1.29,0.00,-8.03,0.48,0.00,-1.82
6510.00,16300.00,375.00,1.18,0.00,-2.93,0.11,0.00,-1.42
6510.00,16300.00,376.00,1.77,0.00,-2.72,0.06,0.00,-1.40
6510.00,16300.00,377.00,2.50,0.00,-2.89,0.06,0.00,-1.37
6510.00,16300.00,378.00,-1.38,0.00,-0.87,-0.36,0.00,0.64
6510.00,16300.00,379.00,3.89,0.00,-1.38,0.41,0.00,1.96
6510.00,16300.00,380.00,2.02,0.00,2.52,0.25,0.00,-1.40
6510.00,16300.00,381.00,-2.28,0.00,-1.08,-0.10,0.00,0.01
6510.00,16300.00,356.00,0.22,0.00,0.19,-0.03,0.00,-0.02
6510.00,16300.00,361.00,-0.86,0.00,-6.76,-0.01,0.00,-0.26
6510.00,16300.00,367.00,2.90,0.00,2.85,-0.19,0.00,1.43
6510.00,16300.00,368.00,3.93,0.00,2.78,-0.12,0.00,1.43
6510.00,16300.00,369.00,-0.59,0.00,2.83,0.00,0.00,0.00
6510.00,16300.00,371.00,-0.66,0.00,3.35,0.00,0.00,0.00
6510.00,16300.00,372.00,1.70,0.00,-7.09,0.00,0.00,-1.75
6510.00,16300.00,373.00,2.40,0.00,-7.26,-0.12,0.00,-1.76
6510.00,16300.00,374.00,1.53,0.00,-8.79,0.60,0.00,-1.90
6510.00,16300.00,375.00,1.26,0.00,-3.52,-0.01,0.00,-1.48
6510.00,16300.00,376.00,1.79,0.00,-3.28,0.06,0.00,-1.38
6510.00,16300.00,377.00,2.50,0.00,-3.44,-0.03,0.00,-1.36
6510.00,16300.00,378.00,-1.69,0.00,-0.48,-0.45,0.00,0.71
6510.00,16300.00,379.00,4.11,0.00,-0.59,0.23,0.00,1.84
6510.00,16300.00,380.00,2.10,0.00,1.95,0.20,0.00,-1.39
6510.00,16300.00,381.00,-2.36,0.00,-1.07,0.00,0.00,0.00
6520.00,16300.00,356.00,0.22,0.00,0.13,0.00,0.00,-0.05
6520.00,16300.00,361.00,-0.86,0.00,-6.84,0.02,0.00,-0.16
6520.00,16300.00,367.00,2.91,0.00,3.38,0.03,0.00,1.31
6520.00,16300.00,368.00,3.78,0.00,3.28,-0.38,0.00,1.23
6520.00,16300.00,369.00,-0.59,0.00,2.83,0.00,0.00,0.00
6520.00,16300.00,371.00,-0.66,0.00,3.35,0.00,0.00,0.00
6520.00,16300.00,372.00,1.66,0.00,-7.79,-0.08,0.00,-1.83
6520.00,16300.00,373.00,2.37,0.00,-7.96,0.05,0.00,-1.94
6520.00,16300.00,375.00,1.17,0.00,-4.12,-0.13,0.00,-1.44
6520.00,16300.00,376.00,1.82,0.00,-3.82,0.06,0.00,-1.38
6520.00,16300.00,377.00,2.47,0.00,-3.97,0.04,0.00,-1.39
6520.00,16300.00,378.00,-1.74,0.00,-0.31,-0.02,0.00,0.47
6520.00,16300.00,379.00,4.07,0.00,0.09,0.05,0.00,1.81
6520.00,16300.00,380.00,2.18,0.00,1.40,0.18,0.00,-1.39
6520.00,16300.00,381.00,-2.28,0.00,-1.08,0.10,0.00,-0.01
6520.00,16300.00,382.00,3.29,0.00,-10.00,-0.09,0.00,0.85
6520.00,16300.00,383.00,3.85,0.00,-10.30,0.20,0.00,1.32
6520.00,16300.00,356.00,0.22,0.00,0.15,0.02,0.00,0.00
6520.00,16300.00,361.00,-0.84,0.00,-6.88,0.21,0.00,0.16
6520.00,16300.00,369.00,-0.59,0.00,2.83,0.00,0.00,0.00
6520.00,16300.00,371.00,-0.66,0.00,3.35,0.00,0.00,0.00
6520.00,16300.00,372.00,1.63,0.00,-8.55,-0.07,0.00,-1.75
6520.00,16300.00,373.00,2.45,0.00,-8.82,0.06,0.00,-1.92
6520.00,16300.00,375.00,1.16,0.00,-4.68,0.09,0.00,-1.41
6520.00,16300.00,376.00,1.85,0.00,-4.39,0.06,0.00,-1.40
6520.00,16300.00,377.00,2.53,0.00,-4.55,0.08,0.00,-1.42
6520.00,16300.00,378.00,-1.71,0.00,-0.10,-0.10,0.00,0.45
6520.00,16300.00,379.00,4.15,0.00,0.85,0.19,0.00,1.91
6520.00,16300.00,380.00,2.24,0.00,0.84,0.11,0.00,-1.40
6520.00,16300.00,381.00,-2.28,0.00,-1.08,0.00,0.00,0.00
6520.00,16300.00,382.00,3.25,0.00,-9.67,-0.06,0.00,0.92
6520.00,16300.00,383.00,3.93,0.00,-9.73,0.11,0.00,1.22
6520.00,16300.00,356.00,0.24,0.00,0.13,0.03,0.00,0.02
6520.00,16300.00,361.00,-0.70,0.00,-6.71,0.24,0.00,0.32
6520.00,16300.00,369.00,-0.59,0.00,2.83,0.00,0.00,0.00
6520.00,16300.00,371.00,-0.66,0.00,3.35,0.00,0.00,0.00
6520.00,16300.00,372.00,1.60,0.00,-9.19,-0.09,0.00,-1.60
6520.00,16300.00,373.00,2.41,0.00,-9.49,-0.09,0.00,-1.69
6520.00,16300.00,375.00,1.24,0.00,-5.25,0.23,0.00,-1.25
6520.00,16300.00,376.00,1.87,0.00,-4.95,-0.01,0.00,-1.40
6520.00,16300.00,377.00,2.54,0.00,-5.11,0.02,0.00,-1.39
6520.00,16300.00,378.00,-1.82,0.00,0.06,-0.35,0.00,0.39
6520.00,16300.00,380.00,2.27,0.00,0.29,0.08,0.00,-1.42
6520.00,16300.00,381.00,-2.28,0.00,-1.08,0.00,0.00,0.00
6520.00,16300.00,382.00,3.24,0.00,-9.28,0.07,0.00,0.96
6520.00,16300.00,383.00,3.93,0.00,-9.28,-0.01,0.00,1.06
6530.00,16300.00,356.00,0.24,0.00,0.17,0.05,0.00,0.07
6530.00,16300.00,361.00,-0.65,0.00,-6.63,-0.02,0.00,0.00
6530.00,16300.00,369.00,-0.59,0.00,2.83,-0.02,0.00,0.03
6530.00,16300.00,371.00,-0.66,0.00,3.35,0.00,0.00,0.00
6530.00,16300.00,375.00,1.35,0.00,-5.68,0.16,0.00,-1.24
6530.00,16300.00,376.00,1.84,0.00,-5.50,-0.03,0.00,-1.40
6530.00,16300.00,377.00,2.55,0.00,-5.67,0.06,0.00,-1.47
6530.00,16300.00,378.00,-1.99,0.00,0.21,-0.38,0.00,0.31
6530.00,16300.00,380.00,2.31,0.00,-0.29,0.04,0.00,-1.44
6530.00,16300.00,381.00,-2.28,0.00,-1.08,0.00,0.00,0.00
6530.00,16300.00,382.00,3.31,0.00,-8.91,0.22,0.00,1.20
6530.00,16300.00,383.00,3.92,0.00,-8.88,-0.01,0.00,1.08
6530.00,16300.00,356.00,0.28,0.00,0.18,0.05,0.00,0.02
6530.00,16300.00,361.00,-0.72,0.00,-6.71,-0.08,0.00,-0.10
6530.00,16300.00,369.00,-0.61,0.00,2.85,-0.05,0.00,0.03
6530.00,16300.00,371.00,-0.66,0.00,3.35,-0.02,0.00,0.00
6530.00,16300.00,375.00,1.37,0.00,-6.24,-0.01,0.00,-1.43
6530.00,16300.00,376.00,1.85,0.00,-6.06,0.01,0.00,-1.45
6530.00,16300.00,377.00,2.59,0.00,-6.28,0.03,0.00,-1.54
6530.00,16300.00,378.00,-2.12,0.00,0.31,-0.31,0.00,0.33
6530.00,16300.00,380.00,2.30,0.00,-0.87,-0.05,0.00,-1.40
6530.00,16300.00,381.00,-2.28,0.00,-1.08,0.00,0.00,0.00
6530.00,16300.00,382.00,3.42,0.00,-8.32,0.13,0.00,1.22
6530.00,16300.00,383.00,3.93,0.00,-8.41,-0.12,0.00,1.11
6540.00,16300.00,356.00,0.28,0.00,0.18,0.02,0.00,0.00
6540.00,16300.00,361.00,-0.72,0.00,-6.71,0.00,0.00,0.00
6540.00,16300.00,369.00,-0.63,0.00,2.85,-0.05,0.00,0.01
6540.00,16300.00,371.00,-0.68,0.00,3.35,-0.05,0.00,0.01
6540.00,16300.00,375.00,1.34,0.00,-6.82,-0.10,0.00,-1.37
6540.00,16300.00,376.00,1.85,0.00,-6.66,0.03,0.00,-1.53
6540.00,16300.00,377.00,2.57,0.00,-6.90,0.08,0.00,-1.49
6540.00,16300.00,378.00,-2.23,0.00,0.47,-0.34,0.00,0.28
6540.00,16300.00,380.00,2.27,0.00,-1.42,-0.10,0.00,-1.42
6540.00,16300.00,381.00,-2.28,0.00,-1.08,0.00,0.00,0.00
6540.00,16300.00,382.00,3.42,0.00,-7.93,0.08,0.00,1.05
6540.00,16300.00,383.00,3.82,0.00,-7.99,-0.12,0.00,1.06
6540.00,16300.00,384.00,1.57,0.00,3.67,0.13,0.00,-1.76
6540.00,16400.00,356.00,0.30,0.00,0.18,-0.03,0.00,-0.07
6540.00,16400.00,361.00,-0.72,0.00,-6.71,0.00,0.00,0.00
6540.00,16400.00,369.00,-0.65,0.00,2.86,-0.05,0.00,-0.04
6540.00,16400.00,371.00,-0.70,0.00,3.35,-0.05,0.00,-0.02
6540.00,16400.00,375.00,1.29,0.00,-7.34,-0.06,0.00,-1.56
6540.00,16400.00,376.00,1.87,0.00,-7.28,0.17,0.00,-1.46
6540.00,16400.00,377.00,2.65,0.00,-7.48,0.17,0.00,-1.50
6540.00,16400.00,378.00,-2.39,0.00,0.53,-0.38,0.00,0.00
6540.00,16400.00,380.00,2.22,0.00,-2.00,-0.13,0.00,-1.47
6540.00,16400.00,381.00,-2.28,0.00,-1.08,0.00,0.00,0.00
6540.00,16400.00,382.00,3.48,0.00,-7.48,0.08,0.00,1.15
6540.00,16400.00,383.00,3.83,0.00,-7.56,0.01,0.00,1.10
6540.00,16400.00,384.00,1.62,0.00,2.96,0.09,0.00,-1.73
6540.00,16400.00,356.00,0.26,0.00,0.12,-0.10,0.00,-0.04
6540.00,16400.00,361.00,-0.72,0.00,-6.71,0.00,0.00,0.00
6540.00,16400.00,369.00,-0.67,0.00,2.82,-0.03,0.00,-0.05
6540.00,16400.00,371.00,-0.72,0.00,3.34,-0.03,0.00,-0.02
6540.00,16400.00,375.00,1.29,0.00,-8.07,-0.02,0.00,-1.61
6540.00,16400.00,376.00,1.99,0.00,-7.83,0.18,0.00,-1.34
6540.00,16400.00,377.00,2.71,0.00,-8.10,0.05,0.00,-1.57
6540.00,16400.00,378.00,-2.53,0.00,0.47,-0.28,0.00,-0.06
6540.00,16400.00,380.00,2.16,0.00,-2.59,-0.08,0.00,-1.43
6540.00,16400.00,381.00,-2.28,0.00,-1.08,0.00,0.00,0.00
6540.00,16400.00,382.00,3.49,0.00,-7.01,-0.12,0.00,1.19
6540.00,16400.00,383.00,3.84,0.00,-7.11,0.02,0.00,1.20
6540.00,16400.00,384.00,1.64,0.00,2.29,0.19,0.00,-1.94
6550.00,16400.00,356.00,0.22,0.00,0.15,-0.02,0.00,0.03
6550.00,16400.00,361.00,-0.72,0.00,-6.71,0.00,0.00,0.00
6550.00,16400.00,369.00,-0.67,0.00,2.82,0.00,0.00,0.00
6550.00,16400.00,371.00,-0.72,0.00,3.34,0.00,0.00,0.00
6550.00,16400.00,375.00,1.28,0.00,-8.63,0.23,0.00,-1.30
6550.00,16400.00,376.00,2.01,0.00,-8.35,0.11,0.00,-1.38
6550.00,16400.00,377.00,2.69,0.00,-8.73,-0.04,0.00,-1.59
6550.00,16400.00,378.00,-2.61,0.00,0.48,-0.12,0.00,0.07
6550.00,16400.00,380.00,2.15,0.00,-3.15,-0.01,0.00,-1.44
6550.00,16400.00,381.00,-2.28,0.00,-1.08,0.00,0.00,0.00
6550.00,16400.00,382.00,3.39,0.00,-6.53,-0.25,0.00,1.18
6550.00,16400.00,383.00,3.84,0.00,-6.60,-0.08,0.00,1.35
6550.00,16400.00,384.00,1.78,0.00,1.41,0.07,0.00,-2.02
6550.00,16400.00,356.00,0.24,0.00,0.15,0.03,0.00,0.02
6550.00,16400.00,361.00,-0.72,0.00,-6.71,0.00,0.00,0.00
6550.00,16400.00,369.00,-0.67,0.00,2.82,0.00,0.00,0.00
6550.00,16400.00,371.00,-0.72,0.00,3.34,-0.09,0.00,-0.21
6550.00,16400.00,375.00,1.47,0.00,-9.11,0.50,0.00,-1.19
6550.00,16400.00,376.00,2.08,0.00,-8.94,0.15,0.00,-1.46
6550.00,16400.00,378.00,-2.63,0.00,0.53,-0.02,0.00,0.08
6550.00,16400.00,380.00,2.16,0.00,-3.74,0.01,0.00,-1.49
6550.00,16400.00,381.00,-2.28,0.00,-1.08,0.00,0.00,0.00
6550.00,16400.00,382.00,3.28,0.00,-6.07,-0.30,0.00,1.18
6550.00,16400.00,383.00,3.77,0.00,-6.03,-0.03,0.00,1.10
6550.00,16400.00,384.00,1.70,0.00,0.67,0.03,0.00,-1.89
6550.00,16400.00,385.00,0.89,0.00,3.97,0.56,0.00,-1.70
6560.00,16400.00,356.00,0.24,0.00,0.17,0.00,0.00,0.03
6560.00,16400.00,361.00,-0.72,0.00,-6.71,0.00,0.00,0.00
6560.00,16400.00,369.00,-0.67,0.00,2.82,0.03,0.00,0.02
6560.00,16400.00,371.00,-0.78,0.00,3.17,-0.03,0.00,-0.17
6560.00,16400.00,378.00,-2.63,0.00,0.55,0.00,0.00,0.05
6560.00,16400.00,380.00,2.16,0.00,-4.34,0.08,0.00,-1.50
6560.00,16400.00,381.00,-2.28,0.00,-1.08,0.00,0.00,0.00
6560.00,16400.00,382.00,3.15,0.00,-5.58,-0.32,0.00,1.16
6560.00,16400.00,383.00,3.82,0.00,-5.72,-0.01,0.00,1.03
6560.00,16400.00,384.00,1.80,0.00,-0.10,0.08,0.00,-1.87
6560.00,16400.00,385.00,1.12,0.00,3.29,0.38,0.00,-1.61
6560.00,16400.00,356.00,0.24,0.00,0.17,-0.03,0.00,-0.12
6560.00,16400.00,361.00,-0.72,0.00,-6.71,0.00,0.00,0.00
6560.00,16400.00,369.00,-0.65,0.00,2.84,0.03,0.00,0.02
6560.00,16400.00,371.00,-0.74,0.00,3.20,0.09,0.00,0.21
6560.00,16400.00,378.00,-2.63,0.00,0.57,0.00,0.00,0.05
6560.00,16400.00,380.00,2.22,0.00,-4.94,0.08,0.00,-1.50
6560.00,16400.00,381.00,-2.28,0.00,-1.08,0.00,0.00,0.00
6560.00,16400.00,382.00,3.03,0.00,-5.14,-0.12,0.00,1.14
6560.00,16400.00,383.00,3.76,0.00,-5.21,-0.07,0.00,1.23
6560.00,16400.00,384.00,1.76,0.00,-0.83,-0.17,0.00,-1.89
6560.00,16400.00,385.00,1.20,0.00,2.68,0.17,0.00,-1.52
6560.00,16400.00,356.00,0.22,0.00,0.07,0.00,0.00,-0.05
6560.00,16400.00,361.00,-0.72,0.00,-6.71,0.00,0.00,0.00
6560.00,16400.00,369.00,-0.65,0.00,2.84,0.00,0.00,0.00
6560.00,16400.00,371.00,-0.72,0.00,3.34,0.03,0.00,0.17
6560.00,16400.00,380.00,2.22,0.00,-5.54,-0.03,0.00,-1.46
6560.00,16400.00,382.00,3.05,0.00,-4.67,0.04,0.00,1.13
6560.00,16400.00,383.00,3.77,0.00,-4.74,-0.07,0.00,1.23
6560.00,16400.00,384.00,1.66,0.00,-1.61,-0.13,0.00,-1.95
6560.00,16400.00,385.00,1.26,0.00,2.07,0.04,0.00,-1.43
6560.00,16400.00,386.00,3.42,0.00,2.78,-0.59,0.00,-0.04
6570.00,16400.00,356.00,0.24,0.00,0.13,0.00,0.00,0.08
6570.00,16400.00,361.00,-0.72,0.00,-6.71,0.00,0.00,0.00
6570.00,16400.00,369.00,-0.65,0.00,2.84,0.07,0.00,-0.09
6570.00,16400.00,371.00,-0.72,0.00,3.34,0.07,0.00,-0.06
6570.00,16400.00,380.00,2.19,0.00,-6.11,-0.06,0.00,-1.46
6570.00,16400.00,382.00,3.06,0.00,-4.23,-0.07,0.00,1.14
6570.00,16400.00,383.00,3.70,0.00,-4.22,-0.09,0.00,1.30
6570.00,16400.00,384.00,1.66,0.00,-2.39,-0.06,0.00,-1.99
6570.00,16400.00,385.00,1.23,0.00,1.54,0.01,0.00,-1.45
6570.00,16400.00,386.00,3.18,0.00,2.76,-0.54,0.00,-0.05
6570.00,16400.00,356.00,0.22,0.00,0.13,0.02,0.00,0.00
6570.00,16400.00,361.00,-0.72,0.00,-6.71,0.14,0.00,-0.14
6570.00,16400.00,369.00,-0.59,0.00,2.77,-0.08,0.00,-0.16
6570.00,16400.00,371.00,-0.66,0.00,3.29,0.14,0.00,-0.13
6570.00,16400.00,380.00,2.18,0.00,-6.71,-0.01,0.00,-1.47
6570.00,16400.00,382.00,2.99,0.00,-3.75,-0.09,0.00,1.19
6570.00,16400.00,383.00,3.70,0.00,-3.69,-0.02,0.00,1.32
6570.00,16400.00,384.00,1.61,0.00,-3.20,0.02,0.00,-2.07
6570.00,16400.00,385.00,1.27,0.00,0.92,0.08,0.00,-1.56
6570.00,16400.00,386.00,2.98,0.00,2.74,-0.39,0.00,-0.03
6580.00,16400.00,356.00,0.26,0.00,0.12,0.03,0.00,0.02
6580.00,16400.00,361.00,-0.61,0.00,-6.82,0.00,0.00,0.00
6580.00,16400.00,369.00,-0.71,0.00,2.71,-0.15,0.00,-0.13
6580.00,16400.00,371.00,-0.61,0.00,3.24,0.07,0.00,-0.06
6580.00,16400.00,380.00,2.18,0.00,-7.29,-0.08,0.00,-1.52
6580.00,16400.00,382.00,2.98,0.00,-3.28,-0.07,0.00,1.21
6580.00,16400.00,383.00,3.69,0.00,-3.17,-0.02,0.00,1.27
6580.00,16400.00,384.00,1.68,0.00,-4.05,0.06,0.00,-2.23
6580.00,16400.00,385.00,1.29,0.00,0.29,0.10,0.00,-1.63
6580.00,16400.00,386.00,2.88,0.00,2.74,-0.33,0.00,0.11
6580.00,16400.00,387.00,0.77,0.00,-9.58,0.01,0.00,1.93
6580.00,16500.00,356.00,0.24,0.00,0.15,-0.05,0.00,0.01
6580.00,16500.00,361.00,-0.72,0.00,-6.71,-0.05,0.00,0.00
6580.00,16500.00,369.00,-0.72,0.00,2.67,0.19,0.00,-0.01
6580.00,16500.00,371.00,-0.61,0.00,3.24,0.00,0.00,0.00
6580.00,16500.00,380.00,2.11,0.00,-7.92,-0.06,0.00,-1.47
6580.00,16500.00,382.00,2.94,0.00,-2.78,-0.16,0.00,1.25
6580.00,16500.00,383.00,3.68,0.00,-2.68,-0.32,0.00,1.19
6580.00,16500.00,384.00,1.66,0.00,-4.99,0.00,0.00,-2.17
6580.00,16500.00,385.00,1.34,0.00,-0.39,0.19,0.00,-1.67
6580.00,16500.00,386.00,2.72,0.00,2.83,-0.42,0.00,0.29
6580.00,16500.00,387.00,0.78,0.00,-8.81,-0.13,0.00,1.96
6580.00,16500.00,356.00,0.22,0.00,0.13,0.05,0.00,-0.01
6580.00,16500.00,361.00,-0.65,0.00,-6.82,0.00,0.00,0.00
6580.00,16500.00,369.00,-0.56,0.00,2.70,0.20,0.00,0.04
6580.00,16500.00,371.00,-0.61,0.00,3.24,0.00,0.00,0.00
6580.00,16500.00,380.00,2.14,0.00,-8.46,-0.09,0.00,-1.67
6580.00,16500.00,382.00,2.86,0.00,-2.28,-0.14,0.00,1.22
6580.00,16500.00,383.00,3.44,0.00,-2.22,-0.03,0.00,1.20
6580.00,16500.00,384.00,1.68,0.00,-5.79,0.08,0.00,-1.96
6580.00,16500.00,385.00,1.44,0.00,-1.05,0.21,0.00,-1.63
6580.00,16500.00,386.00,2.54,0.00,2.98,-0.33,0.00,0.28
6580.00,16500.00,387.00,0.67,0.00,-8.01,-0.10,0.00,1.98
6590.00,16500.00,356.00,0.28,0.00,0.14,0.03,0.00,0.02
6590.00,16500.00,361.00,-0.72,0.00,-6.71,0.00,0.00,0.08
6590.00,16500.00,369.00,-0.56,0.00,2.70,-0.15,0.00,-0.05
6590.00,16500.00,371.00,-0.61,0.00,3.24,0.00,0.00,0.00
6590.00,16500.00,380.00,2.04,0.00,-9.26,-0.21,0.00,-1.72
6590.00,16500.00,382.00,2.83,0.00,-1.80,-0.07,0.00,1.14
6590.00,16500.00,383.00,3.66,0.00,-1.72,-0.05,0.00,1.23
6590.00,16500.00,384.00,1.73,0.00,-6.55,0.01,0.00,-2.00
6590.00,16500.00,385.00,1.51,0.00,-1.69,0.17,0.00,-1.64
6590.00,16500.00,386.00,2.46,0.00,3.05,-0.36,0.00,0.09
6590.00,16500.00,387.00,0.70,0.00,-7.22,-0.04,0.00,1.88
6590.00,16500.00,356.00,0.24,0.00,0.15,0.00,0.00,0.03
6590.00,16500.00,361.00,-0.64,0.00,-6.75,0.17,0.00,-0.09
6590.00,16500.00,369.00,-0.68,0.00,2.66,-0.15,0.00,-0.08
6590.00,16500.00,371.00,-0.61,0.00,3.24,-0.09,0.00,0.04
6590.00,16500.00,380.00,1.97,0.00,-9.83,-0.17,0.00,-1.44
6590.00,16500.00,382.00,2.80,0.00,-1.37,-0.05,0.00,1.16
6590.00,16500.00,383.00,3.40,0.00,-1.23,-0.39,0.00,1.15
6590.00,16500.00,384.00,1.68,0.00,-7.39,-0.09,0.00,-2.07
6590.00,16500.00,385.00,1.57,0.00,-2.36,0.14,0.00,-1.69
6590.00,16500.00,386.00,2.25,0.00,3.05,-0.48,0.00,-0.01
6590.00,16500.00,387.00,0.64,0.00,-6.51,-0.16,0.00,1.83
6590.00,16500.00,388.00,3.44,0.00,-9.88,-0.28,0.00,1.40
6590.00,16500.00,389.00,4.00,0.00,-10.10,0.07,0.00,1.32
6600.00,16500.00,356.00,0.28,0.00,0.16,0.07,0.00,-0.01
6600.00,16500.00,361.00,-0.58,0.00,-6.78,-0.09,0.00,0.06
6600.00,16500.00,369.00,-0.68,0.00,2.64,-0.03,0.00,-0.05
6600.00,16500.00,371.00,-0.68,0.00,3.27,0.00,0.00,0.00
6600.00,16500.00,382.00,2.79,0.00,-0.88,0.04,0.00,1.13
6600.00,16500.00,383.00,3.35,0.00,-0.80,-0.05,0.00,1.13
6600.00,16500.00,384.00,1.65,0.00,-8.21,-0.13,0.00,-1.95
6600.00,16500.00,385.00,1.62,0.00,-3.04,-0.05,0.00,-1.82
6600.00,16500.00,386.00,2.07,0.00,3.04,-0.37,0.00,-0.03
6600.00,16500.00,387.00,0.57,0.00,-5.75,0.01,0.00,1.90
6600.00,16500.00,388.00,3.33,0.00,-9.32,-0.17,0.00,1.54
6600.00,16500.00,389.00,4.03,0.00,-9.54,-0.04,0.00,1.42
6600.00,16500.00,356.00,0.30,0.00,0.14,0.02,0.00,-0.10
6600.00,16500.00,361.00,-0.72,0.00,-6.71,-0.17,0.00,0.09
6600.00,16500.00,369.00,-0.70,0.00,2.62,0.15,0.00,0.08
6600.00,16500.00,371.00,-0.61,0.00,3.24,0.09,0.00,-0.04
6600.00,16500.00,382.00,2.83,0.00,-0.47,0.06,0.00,1.02
6600.00,16500.00,383.00,3.36,0.00,-0.33,-0.01,0.00,1.12
6600.00,16500.00,384.00,1.57,0.00,-8.95,-0.15,0.00,-1.90
6600.00,16500.00,385.00,1.52,0.00,-3.81,-0.12,0.00,-1.81
6600.00,16500.00,386.00,1.96,0.00,3.02,-0.32,0.00,0.01
6600.00,16500.00,387.00,0.65,0.00,-4.99,0.11,0.00,1.91
6600.00,16500.00,388.00,3.31,0.00,-8.65,-0.23,0.00,1.57
6600.00,16500.00,389.00,3.97,0.00,-8.92,-0.29,0.00,1.64
6600.00,16500.00,356.00,0.29,0.00,0.08,-0.03,0.00,-0.10
6600.00,16500.00,361.00,-0.72,0.00,-6.71,0.00,0.00,0.00
6600.00,16500.00,369.00,-0.56,0.00,2.70,0.18,0.00,0.10
6600.00,16500.00,371.00,-0.61,0.00,3.24,0.00,0.00,0.00
6600.00,16500.00,382.00,2.83,0.00,-0.06,-0.05,0.00,1.09
6600.00,16500.00,383.00,3.35,0.00,0.10,-0.07,0.00,1.11
6600.00,16500.00,384.00,1.53,0.00,-9.73,-0.11,0.00,-1.96
6600.00,16500.00,385.00,1.52,0.00,-4.49,0.00,0.00,-1.75
6600.00,16500.00,386.00,1.81,0.00,3.05,-0.45,0.00,0.16
6600.00,16500.00,387.00,0.66,0.00,-4.22,0.11,0.00,1.91
6600.00,16500.00,388.00,3.14,0.00,-8.07,-0.21,0.00,1.52
6600.00,16500.00,389.00,3.79,0.00,-8.23,-0.21,0.00,1.56
6610.00,16500.00,356.00,0.27,0.00,0.06,-0.03,0.00,-0.05
6610.00,16500.00,361.00,-0.72,0.00,-6.71,0.00,0.00,0.00
6610.00,16500.00,369.00,-0.56,0.00,2.70,-0.17,0.00,-0.07
6610.00,16500.00,371.00,-0.61,0.00,3.24,0.00,0.00,0.00
6610.00,16500.00,382.00,2.78,0.00,0.40,-0.05,0.00,1.09
6610.00,16500.00,383.00,3.30,0.00,0.56,-0.01,0.00,1.15
6610.00,16500.00,385.00,1.52,0.00,-5.21,-0.08,0.00,-1.82
6610.00,16500.00,386.00,1.60,0.00,3.15,-0.41,0.00,0.17
6610.00,16500.00,387.00,0.74,0.00,-3.47,0.15,0.00,1.85
6610.00,16500.00,388.00,3.14,0.00,-7.43,-0.12,0.00,1.54
6610.00,16500.00,389.00,3.81,0.00,-7.68,0.01,0.00,1.47
6610.00,16500.00,356.00,0.27,0.00,0.04,-0.13,0.00,-0.11
6610.00,16500.00,361.00,-0.72,0.00,-6.71,0.00,0.00,0.00
6610.00,16500.00,369.00,-0.70,0.00,2.64,-0.17,0.00,-0.07
6610.00,16500.00,371.00,-0.61,0.00,3.24,0.00,0.00,0.00
6610.00,16500.00,382.00,2.79,0.00,0.82,-0.01,0.00,1.08
6610.00,16500.00,383.00,3.34,0.00,1.02,0.04,0.00,1.12
6610.00,16500.00,385.00,1.46,0.00,-5.95,-0.01,0.00,-1.83
6610.00,16500.00,386.00,1.49,0.00,3.18,-0.18,0.00,0.03
6610.00,16500.00,387.00,0.78,0.00,-2.75,0.15,0.00,1.89
6610.00,16500.00,388.00,3.05,0.00,-6.84,-0.26,0.00,1.48
6610.00,16500.00,389.00,3.80,0.00,-7.05,-0.16,0.00,1.53
6620.00,16500.00,356.00,0.17,0.00,-0.02,-0.17,0.00,0.02
6620.00,16500.00,361.00,-0.72,0.00,-6.71,0.00,0.00,0.00
6620.00,16500.00,369.00,-0.70,0.00,2.64,0.00,0.00,0.00
6620.00,16500.00,371.00,-0.61,0.00,3.24,0.00,0.00,0.00
6620.00,16500.00,382.00,2.78,0.00,1.27,-0.07,0.00,1.14
6620.00,16500.00,383.00,3.33,0.00,1.45,0.08,0.00,1.11
6620.00,16500.00,385.00,1.51,0.00,-6.68,0.07,0.00,-1.74
6620.00,16500.00,386.00,1.45,0.00,3.17,-0.07,0.00,-0.04
6620.00,16500.00,387.00,0.86,0.00,-1.95,0.16,0.00,1.99
6620.00,16500.00,388.00,2.93,0.00,-6.25,-0.21,0.00,1.48
6620.00,16500.00,389.00,3.67,0.00,-6.45,-0.32,0.00,1.50
6620.00,16500.00,390.00,3.84,0.00,-2.66,-0.03,0.00,1.12
6620.00,16600.00,356.00,0.14,0.00,0.06,-0.13,0.00,0.32
6620.00,16600.00,361.00,-0.72,0.00,-6.71,0.00,0.00,0.00
6620.00,16600.00,369.00,-0.70,0.00,2.64,0.03,0.00,0.02
6620.00,16600.00,371.00,-0.61,0.00,3.24,0.00,0.00,0.00
6620.00,16600.00,382.00,2.73,0.00,1.73,0.01,0.00,1.08
6620.00,16600.00,383.00,3.41,0.00,1.91,0.15,0.00,1.12
6620.00,16600.00,385.00,1.52,0.00,-7.34,0.02,0.00,-1.68
6620.00,16600.00,386.00,1.43,0.00,3.16,-0.02,0.00,-0.02
6620.00,16600.00,387.00,0.91,0.00,-1.15,0.20,0.00,1.83
6620.00,16600.00,388.00,2.87,0.00,-5.66,-0.22,0.00,1.48
6620.00,16600.00,389.00,3.55,0.00,-5.85,-0.23,0.00,1.59
6620.00,16600.00,390.00,3.83,0.00,-2.21,-0.03,0.00,1.08
6620.00,16600.00,356.00,0.07,0.00,0.23,-0.17,0.00,0.40
6620.00,16600.00,361.00,-0.72,0.00,-6.71,0.00,0.00,0.00
6620.00,16600.00,369.00,-0.68,0.00,2.66,0.00,0.00,0.03
6620.00,16600.00,371.00,-0.61,0.00,3.24,0.00,0.00,0.00
6620.00,16600.00,382.00,2.79,0.00,2.13,0.10,0.00,1.04
6620.00,16600.00,383.00,3.45,0.00,2.35,0.03,0.00,1.06
6620.00,16600.00,385.00,1.53,0.00,-8.02,0.09,0.00,-1.74
6620.00,16600.00,386.00,1.43,0.00,3.16,0.00,0.00,0.00
6620.00,16600.00,387.00,1.02,0.00,-0.49,0.12,0.00,1.79
6620.00,16600.00,388.00,2.76,0.00,-5.07,-0.24,0.00,1.43
6620.00,16600.00,389.00,3.49,0.00,-5.18,-0.18,0.00,1.69
6620.00,16600.00,390.00,3.81,0.00,-1.80,-0.30,0.00,1.09
6630.00,16600.00,356.00,0.00,0.00,0.38,-0.29,0.00,0.32
6630.00,16600.00,361.00,-0.72,0.00,-6.71,0.00,0.00,0.00
6630.00,16600.00,369.00,-0.70,0.00,2.66,-0.05,0.00,0.03
6630.00,16600.00,371.00,-0.61,0.00,3.24,0.00,0.00,0.00
6630.00,16600.00,382.00,2.81,0.00,2.56,-0.05,0.00,1.21
6630.00,16600.00,383.00,3.43,0.00,2.76,-0.01,0.00,1.07
6630.00,16600.00,385.00,1.59,0.00,-8.73,0.02,0.00,-1.84
6630.00,16600.00,386.00,1.43,0.00,3.16,0.00,0.00,0.00
6630.00,16600.00,387.00,1.00,0.00,0.28,-0.11,0.00,1.89
6630.00,16600.00,388.00,2.68,0.00,-4.51,-0.13,0.00,1.42
6630.00,16600.00,389.00,3.40,0.00,-4.50,-0.26,0.00,1.50
6630.00,16600.00,390.00,3.59,0.00,-1.34,-0.14,0.00,1.07
6630.00,16600.00,391.00,3.32,0.00,-10.10,-0.56,0.00,1.36
6630.00,16600.00,356.00,-0.16,0.00,0.49,-0.42,0.00,0.26
6630.00,16600.00,361.00,-0.72,0.00,-6.71,0.00,0.00,0.00
6630.00,16600.00,369.00,-0.72,0.00,2.69,-0.03,0.00,-0.02
6630.00,16600.00,371.00,-0.61,0.00,3.24,0.00,0.00,0.00
6630.00,16600.00,382.00,2.75,0.00,3.10,-0.15,0.00,1.35
6630.00,16600.00,383.00,3.44,0.00,3.20,0.02,0.00,1.12
6630.00,16600.00,385.00,1.55,0.00,-9.49,-0.11,0.00,-1.91
6630.00,16600.00,386.00,1.43,0.00,3.16,0.00,0.00,0.00
6630.00,16600.00,387.00,0.93,0.00,1.03,-0.18,0.00,1.83
6630.00,16600.00,388.00,2.66,0.00,-3.93,-0.10,0.00,1.47
6630.00,16600.00,389.00,3.29,0.00,-3.98,-0.15,0.00,1.39
6630.00,16600.00,390.00,3.70,0.00,-0.94,0.12,0.00,1.01
6630.00,16600.00,391.00,3.10,0.00,-9.59,-0.36,0.00,1.30
6640.00,16600.00,361.00,-0.72,0.00,-6.71,0.00,0.00,0.00
6640.00,16600.00,369.00,-0.72,0.00,2.65,0.20,0.00,0.02
6640.00,16600.00,371.00,-0.61,0.00,3.24,0.00,0.00,0.00
6640.00,16600.00,386.00,1.43,0.00,3.16,0.00,0.00,0.00
6640.00,16600.00,387.00,0.86,0.00,1.74,-0.17,0.00,1.65
6640.00,16600.00,388.00,2.60,0.00,-3.33,-0.08,0.00,1.54
6640.00,16600.00,389.00,3.28,0.00,-3.39,-0.05,0.00,1.55
6640.00,16600.00,390.00,3.69,0.00,-0.53,-0.12,0.00,1.04
6640.00,16600.00,391.00,3.03,0.00,-9.09,-0.25,0.00,1.23
6640.00,16600.00,392.00,3.89,0.00,-4.11,-0.91,0.00,-0.39
6640.00,16600.00,361.00,-0.72,0.00,-6.71,0.00,0.00,0.00
6640.00,16600.00,369.00,-0.56,0.00,2.70,0.03,0.00,0.02
6640.00,16600.00,371.00,-0.61,0.00,3.24,-0.09,0.00,0.07
6640.00,16600.00,386.00,1.43,0.00,3.16,0.00,0.00,0.00
6640.00,16600.00,387.00,0.80,0.00,2.35,-0.14,0.00,1.75
6640.00,16600.00,388.00,2.60,0.00,-2.70,0.03,0.00,1.48
6640.00,16600.00,389.00,3.25,0.00,-2.74,-0.05,0.00,1.50
6640.00,16600.00,390.00,3.60,0.00,-0.11,-0.10,0.00,1.01
6640.00,16600.00,391.00,2.90,0.00,-8.61,-0.45,0.00,1.24
6640.00,16600.00,392.00,3.52,0.00,-4.26,-0.97,0.00,-0.09
6640.00,16600.00,393.00,0.75,0.00,-9.25,-0.04,0.00,1.83
6640.00,16600.00,394.00,0.26,0.00,-8.96,0.01,0.00,1.83
6640.00,16600.00,361.00,-0.72,0.00,-6.71,0.00,0.00,0.00
6640.00,16600.00,369.00,-0.70,0.00,2.66,-0.17,0.00,-0.07
6640.00,16600.00,371.00,-0.68,0.00,3.29,0.00,0.00,0.00
6640.00,16600.00,386.00,1.43,0.00,3.16,0.00,0.00,0.00
6640.00,16600.00,387.00,0.75,0.00,3.14,-0.23,0.00,1.74
6640.00,16600.00,388.00,2.63,0.00,-2.15,0.01,0.00,1.41
6640.00,16600.00,389.00,3.24,0.00,-2.19,0.03,0.00,1.32
6640.00,16600.00,390.00,3.60,0.00,0.28,0.01,0.00,0.97
6640.00,16600.00,391.00,2.67,0.00,-8.10,-0.29,0.00,1.31
6640.00,16600.00,392.00,3.12,0.00,-4.18,-0.92,0.00,0.10
6640.00,16600.00,393.00,0.74,0.00,-8.52,0.23,0.00,1.94
6640.00,16600.00,394.00,0.26,0.00,-8.23,0.10,0.00,1.83
6640.00,16600.00,395.00,2.06,0.00,3.54,0.24,0.00,-1.42
6650.00,16600.00,361.00,-0.72,0.00,-6.71,0.00,0.00,0.00
6650.00,16600.00,369.00,-0.70,0.00,2.64,0.17,0.00,0.05
6650.00,16600.00,371.00,-0.61,0.00,3.24,0.09,0.00,-0.07
6650.00,16600.00,386.00,1.43,0.00,3.16,0.00,0.00,0.00
6650.00,16600.00,387.00,0.62,0.00,3.74,-0.34,0.00,1.51
6650.00,16600.00,388.00,2.60,0.00,-1.58,0.05,0.00,1.42
6650.00,16600.00,389.00,3.27,0.00,-1.69,0.14,0.00,1.40
6650.00,16600.00,390.00,3.61,0.00,0.67,-0.01,0.00,1.02
6650.00,16600.00,391.00,2.66,0.00,-7.56,-0.10,0.00,1.17
6650.00,16600.00,392.00,2.79,0.00,-4.19,-0.83,0.00,-0.16
6650.00,16600.00,393.00,0.93,0.00,-7.70,0.28,0.00,1.95
6650.00,16600.00,394.00,0.34,0.00,-7.50,0.11,0.00,1.85
6650.00,16600.00,395.00,2.16,0.00,2.97,0.07,0.00,-1.66
6650.00,16600.00,361.00,-0.72,0.00,-6.71,0.00,0.00,0.00
6650.00,16600.00,369.00,-0.56,0.00,2.70,0.17,0.00,0.07
6650.00,16600.00,371.00,-0.61,0.00,3.24,0.00,0.00,0.00
6650.00,16600.00,386.00,1.43,0.00,3.16,0.00,0.00,0.00
6650.00,16600.00,388.00,2.67,0.00,-1.02,0.06,0.00,1.49
6650.00,16600.00,389.00,3.35,0.00,-1.07,0.09,0.00,1.70
6650.00,16600.00,390.00,3.60,0.00,1.10,-0.01,0.00,0.98
6650.00,16600.00,391.00,2.59,0.00,-7.16,-0.22,0.00,0.98
6650.00,16600.00,392.00,2.46,0.00,-4.31,-0.78,0.00,-0.14
6650.00,16600.00,393.00,0.96,0.00,-6.96,-0.20,0.00,1.91
6650.00,16600.00,394.00,0.34,0.00,-6.75,-0.11,0.00,1.94
6650.00,16600.00,395.00,2.12,0.00,2.20,-0.07,0.00,-1.74
6660.00,16600.00,361.00,-0.72,0.00,-6.71,0.00,0.00,0.00
6660.00,16600.00,369.00,-0.56,0.00,2.70,0.00,0.00,0.00
6660.00,16600.00,371.00,-0.61,0.00,3.24,0.00,0.00,0.00
6660.00,16600.00,386.00,1.43,0.00,3.16,0.00,0.00,0.00
6660.00,16600.00,388.00,2.65,0.00,-0.38,-0.03,0.00,1.53
6660.00,16600.00,389.00,3.34,0.00,-0.33,0.09,0.00,1.62
6660.00,16600.00,390.00,3.60,0.00,1.45,0.21,0.00,1.01
6660.00,16600.00,391.00,2.49,0.00,-6.77,-0.16,0.00,0.93
6660.00,16600.00,392.00,2.16,0.00,-4.30,-0.73,0.00,0.10
6660.00,16600.00,393.00,0.77,0.00,-6.17,-0.27,0.00,1.97
6660.00,16600.00,394.00,0.25,0.00,-5.95,-0.08,0.00,1.94
6660.00,16600.00,395.00,2.10,0.00,1.57,-0.12,0.00,-1.69
6660.00,16700.00,361.00,-0.72,0.00,-6.71,0.00,0.00,0.00
6660.00,16700.00,369.00,-0.56,0.00,2.70,-0.17,0.00,-0.05
6660.00,16700.00,371.00,-0.61,0.00,3.24,0.00,0.00,0.00
6660.00,16700.00,386.00,1.43,0.00,3.16,0.00,0.00,0.00
6660.00,16700.00,388.00,2.65,0.00,0.21,0.01,0.00,1.40
6660.00,16700.00,389.00,3.42,0.00,0.23,0.19,0.00,1.53
6660.00,16700.00,390.00,3.76,0.00,1.90,0.19,0.00,1.08
6660.00,16700.00,391.00,2.47,0.00,-6.41,-0.09,0.00,0.85
6660.00,16700.00,392.00,1.87,0.00,-4.23,-0.67,0.00,0.07
6660.00,16700.00,393.00,0.74,0.00,-5.38,-0.10,0.00,1.93
6660.00,16700.00,394.00,0.28,0.00,-5.20,-0.08,0.00,2.04
6660.00,16700.00,395.00,2.02,0.00,0.86,-0.05,0.00,-1.77
6660.00,16700.00,361.00,-0.72,0.00,-6.71,0.10,0.00,0.02
6660.00,16700.00,369.00,-0.70,0.00,2.66,-0.13,0.00,-0.08
6660.00,16700.00,371.00,-0.61,0.00,3.24,0.00,0.00,0.00
6660.00,16700.00,386.00,1.43,0.00,3.16,0.00,0.00,0.00
6660.00,16700.00,388.00,2.66,0.00,0.74,0.04,0.00,1.20
6660.00,16700.00,389.00,3.50,0.00,0.90,0.11,0.00,1.22
6660.00,16700.00,390.00,3.75,0.00,2.31,0.03,0.00,1.01
6660.00,16700.00,391.00,2.41,0.00,-6.09,-0.16,0.00,0.81
6660.00,16700.00,392.00,1.63,0.00,-4.24,-0.66,0.00,-0.21
6660.00,16700.00,393.00,0.69,0.00,-4.63,-0.17,0.00,1.99
6660.00,16700.00,394.00,0.19,0.00,-4.32,-0.13,0.00,1.89
6660.00,16700.00,395.00,2.06,0.00,0.16,0.02,0.00,-1.71
6670.00,16700.00,361.00,-0.64,0.00,-6.69,0.10,0.00,0.02
6670.00,16700.00,369.00,-0.66,0.00,2.64,0.17,0.00,0.05
6670.00,16700.00,371.00,-0.61,0.00,3.24,0.00,0.00,0.00
6670.00,16700.00,386.00,1.43,0.00,3.16,0.00,0.00,-0.02
6670.00,16700.00,388.00,2.68,0.00,1.17,-0.06,0.00,1.39
6670.00,16700.00,389.00,3.51,0.00,1.21,-0.02,0.00,1.32
6670.00,16700.00,390.00,3.79,0.00,2.71,0.09,0.00,0.86
6670.00,16700.00,391.00,2.34,0.00,-5.77,-0.03,0.00,0.75
6670.00,16700.00,392.00,1.34,0.00,-4.39,-0.76,0.00,-0.22
6670.00,16700.00,393.00,0.60,0.00,-3.79,-0.27,0.00,2.00
6670.00,16700.00,394.00,0.17,0.00,-3.69,-0.16,0.00,1.74
6670.00,16700.00,395.00,2.04,0.00,-0.51,-0.19,0.00,-1.68
6670.00,16700.00,396.00,3.83,0.00,-5.45,-0.22,0.00,1.78
6670.00,16700.00,361.00,-0.64,0.00,-6.69,0.00,0.00,0.00
6670.00,16700.00,369.00,-0.56,0.00,2.70,0.13,0.00,0.08
6670.00,16700.00,371.00,-0.61,0.00,3.24,0.00,0.00,0.00
6670.00,16700.00,386.00,1.43,0.00,3.14,-0.17,0.00,-0.04
6670.00,16700.00,388.00,2.61,0.00,1.85,-0.18,0.00,1.70
6670.00,16700.00,389.00,3.48,0.00,1.95,-0.08,0.00,1.86
6670.00,16700.00,390.00,3.82,0.00,3.00,0.08,0.00,0.71
6670.00,16700.00,391.00,2.39,0.00,-5.49,0.20,0.00,0.70
6670.00,16700.00,392.00,1.02,0.00,-4.42,-0.82,0.00,0.06
6670.00,16700.00,393.00,0.48,0.00,-3.03,-0.05,0.00,2.05
6670.00,16700.00,394.00,0.06,0.00,-2.92,-0.13,0.00,1.92
6670.00,16700.00,395.00,1.91,0.00,-1.19,-0.15,0.00,-1.87
6670.00,16700.00,396.00,3.75,0.00,-4.74,0.03,0.00,1.78
6680.00,16700.00,361.00,-0.64,0.00,-6.69,0.00,0.00,0.00
6680.00,16700.00,369.00,-0.56,0.00,2.70,-0.13,0.00,-0.13
6680.00,16700.00,371.00,-0.61,0.00,3.24,0.00,0.00,0.00
6680.00,16700.00,386.00,1.30,0.00,3.12,-0.19,0.00,-0.04
6680.00,16700.00,391.00,2.50,0.00,-5.20,0.27,0.00,0.77
6680.00,16700.00,392.00,0.69,0.00,-4.35,-0.82,0.00,0.08
6680.00,16700.00,393.00,0.56,0.00,-2.16,0.09,0.00,2.06
6680.00,16700.00,394.00,0.07,0.00,-2.15,-0.01,0.00,1.90
6680.00,16700.00,395.00,1.92,0.00,-2.00,-0.15,0.00,-1.92
6680.00,16700.00,396.00,3.86,0.00,-4.02,-0.04,0.00,1.81
6680.00,16700.00,361.00,-0.64,0.00,-6.69,-0.07,0.00,0.01
6680.00,16700.00,369.00,-0.66,0.00,2.60,-0.17,0.00,-0.05
6680.00,16700.00,371.00,-0.61,0.00,3.24,0.00,0.00,0.00
6680.00,16700.00,386.00,1.28,0.00,3.10,-0.05,0.00,-0.04
6680.00,16700.00,391.00,2.61,0.00,-4.88,0.20,0.00,0.77
6680.00,16700.00,392.00,0.36,0.00,-4.36,-1.04,0.00,-0.18
6680.00,16700.00,393.00,0.55,0.00,-1.39,0.03,0.00,1.73
6680.00,16700.00,394.00,0.05,0.00,-1.40,-0.01,0.00,1.92
6680.00,16700.00,395.00,1.79,0.00,-2.72,-0.15,0.00,-1.92
6680.00,16700.00,396.00,3.72,0.00,-3.29,-0.17,0.00,1.75
6680.00,16700.00,361.00,-0.70,0.00,-6.69,-0.24,0.00,0.02
6680.00,16700.00,369.00,-0.70,0.00,2.66,-0.07,0.00,-0.01
6680.00,16700.00,371.00,-0.61,0.00,3.24,0.00,0.00,0.00
6680.00,16700.00,391.00,2.66,0.00,-4.59,0.38,0.00,0.80
6680.00,16700.00,392.00,-0.14,0.00,-4.49,-0.93,0.00,0.04
6680.00,16700.00,393.00,0.59,0.00,-0.77,0.07,0.00,1.65
6680.00,16700.00,394.00,0.06,0.00,-0.62,0.08,0.00,1.78
6680.00,16700.00,395.00,1.80,0.00,-3.54,-0.03,0.00,-1.87
6680.00,16700.00,396.00,3.72,0.00,-2.62,0.11,0.00,1.60
6690.00,16700.00,361.00,-0.83,0.00,-6.68,-0.27,0.00,0.02
6690.00,16700.00,369.00,-0.72,0.00,2.59,0.17,0.00,0.05
6690.00,16700.00,371.00,-0.61,0.00,3.24,0.00,0.00,0.00
6690.00,16700.00,391.00,2.91,0.00,-4.24,0.41,0.00,0.80
6690.00,16700.00,392.00,-0.38,0.00,-4.32,-0.67,0.00,0.14
6690.00,16700.00,393.00,0.61,0.00,-0.07,0.02,0.00,1.68
6690.00,16700.00,394.00,0.12,0.00,0.02,0.08,0.00,1.81
6690.00,16700.00,395.00,1.76,0.00,-4.22,-0.11,0.00,-2.01
6690.00,16700.00,396.00,3.80,0.00,-2.01,-0.03,0.00,1.56
6690.00,16700.00,398.00,2.01,0.00,2.58,-0.19,0.00,-1.75
6690.00,16700.00,399.00,0.89,0.00,2.89,0.02,0.00,-1.30
6690.00,16700.00,400.00,1.26,0.00,3.13,-0.22,0.00,0.34
6690.00,16700.00,361.00,-0.91,0.00,-6.67,-0.10,0.00,0.01
6690.00,16700.00,369.00,-0.56,0.00,2.70,0.10,0.00,-0.04
6690.00,16700.00,371.00,-0.61,0.00,3.24,0.00,0.00,0.00
6690.00,16700.00,391.00,2.98,0.00,-3.95,0.04,0.00,0.78
6690.00,16700.00,392.00,-0.68,0.00,-4.37,-0.74,0.00,-0.16
6690.00,16700.00,393.00,0.61,0.00,0.58,-0.15,0.00,1.60
6690.00,16700.00,394.00,0.12,0.00,0.83,-0.11,0.00,1.91
6690.00,16700.00,395.00,1.71,0.00,-5.15,-0.05,0.00,-2.14
6690.00,16700.00,396.00,3.70,0.00,-1.37,-0.09,0.00,1.67
6690.00,16700.00,398.00,1.93,0.00,1.88,-0.07,0.00,-1.69
6690.00,16700.00,399.00,0.90,0.00,2.37,0.21,0.00,-1.31
6690.00,16700.00,400.00,1.17,0.00,3.26,-0.15,0.00,0.25
6700.00,16700.00,361.00,-0.91,0.00,-6.67,0.00,0.00,0.00
6700.00,16700.00,369.00,-0.65,0.00,2.55,-0.02,0.00,0.00
6700.00,16700.00,371.00,-0.61,0.00,3.24,0.00,0.00,0.00
6700.00,16700.00,391.00,2.95,0.00,-3.61,-0.01,0.00,0.69
6700.00,16700.00,392.00,-0.98,0.00,-4.45,-0.69,0.00,-0.09
6700.00,16700.00,393.00,0.49,0.00,1.22,-0.13,0.00,1.55
6700.00,16700.00,394.00,0.03,0.00,1.55,0.09,0.00,1.57
6700.00,16700.00,395.00,1.72,0.00,-5.93,-0.04,0.00,-1.97
6700.00,16700.00,396.00,3.73,0.00,-0.68,0.09,0.00,1.62
6700.00,16700.00,398.00,1.95,0.00,1.22,0.05,0.00,-1.59
6700.00,16700.00,399.00,1.06,0.00,1.85,0.27,0.00,-1.42
6700.00,16700.00,400.00,1.14,0.00,3.33,-0.09,0.00,-0.01
6700.00,16800.00,361.00,-0.91,0.00,-6.67,-0.01,0.00,0.23
6700.00,16800.00,369.00,-0.58,0.00,2.70,0.00,0.00,0.33
6700.00,16800.00,371.00,-0.61,0.00,3.24,-0.09,0.00,0.12
6700.00,16800.00,391.00,2.98,0.00,-3.40,0.08,0.00,0.63
6700.00,16800.00,392.00,-1.23,0.00,-4.44,-0.49,0.00,0.07
6700.00,16800.00,393.00,0.51,0.00,1.82,0.16,0.00,1.55
6700.00,16800.00,394.00,0.20,0.00,2.09,0.10,0.00,1.70
6700.00,16800.00,395.00,1.68,0.00,-6.73,-0.02,0.00,-2.00
6700.00,16800.00,396.00,3.76,0.00,-0.08,0.02,0.00,1.60
6700.00,16800.00,398.00,1.97,0.00,0.61,0.05,0.00,-1.52
6700.00,16800.00,399.00,1.11,0.00,1.24,0.19,0.00,-1.65
6700.00,16800.00,400.00,1.10,0.00,3.25,-0.03,0.00,-0.17
6700.00,16800.00,361.00,-0.92,0.00,-6.49,-0.09,0.00,0.16
6700.00,16800.00,369.00,-0.65,0.00,2.82,-0.20,0.00,0.26
6700.00,16800.00,371.00,-0.68,0.00,3.33,-0.21,0.00,0.24
6700.00,16800.00,391.00,3.01,0.00,-3.11,-0.01,0.00,0.62
6700.00,16800.00,392.00,-1.37,0.00,-4.39,-0.17,0.00,0.07
6700.00,16800.00,393.00,0.62,0.00,2.46,0.16,0.00,1.60
6700.00,16800.00,394.00,0.11,0.00,2.91,-0.09,0.00,1.70
6700.00,16800.00,395.00,1.71,0.00,-7.53,0.05,0.00,-1.96
6700.00,16800.00,396.00,3.75,0.00,0.61,-0.05,0.00,1.63
6700.00,16800.00,398.00,2.00,0.00,0.01,0.12,0.00,-1.58
6700.00,16800.00,399.00,1.21,0.00,0.53,0.18,0.00,-1.82
6700.00,16800.00,400.00,1.11,0.00,3.19,0.04,0.00,-0.11
6710.00,16800.00,361.00,-0.98,0.00,-6.54,-0.10,0.00,-0.02
6710.00,16800.00,369.00,-0.74,0.00,2.91,-0.31,0.00,0.16
6710.00,16800.00,371.00,-0.77,0.00,3.43,-0.28,0.00,0.15
6710.00,16800.00,391.00,2.97,0.00,-2.90,-0.07,0.00,0.43
6710.00,16800.00,392.00,-1.37,0.00,-4.39,0.00,0.00,0.00
6710.00,16800.00,393.00,0.64,0.00,3.10,0.02,0.00,1.60
6710.00,16800.00,394.00,0.12,0.00,3.45,0.00,0.00,1.59
6710.00,16800.00,395.00,1.72,0.00,-8.30,0.01,0.00,-1.96
6710.00,16800.00,396.00,3.73,0.00,1.23,0.06,0.00,1.59
6710.00,16800.00,398.00,2.07,0.00,-0.66,0.02,0.00,-1.69
6710.00,16800.00,399.00,1.26,0.00,-0.22,0.04,0.00,-1.83
6710.00,16800.00,400.00,1.13,0.00,3.17,-0.02,0.00,-0.02
6710.00,16800.00,361.00,-1.00,0.00,-6.50,-0.33,0.00,0.23
6710.00,16800.00,369.00,-0.90,0.00,2.94,-0.39,0.00,0.07
6710.00,16800.00,371.00,-0.90,0.00,3.45,-0.34,0.00,0.06
6710.00,16800.00,391.00,2.96,0.00,-2.77,0.02,0.00,0.42
6710.00,16800.00,392.00,-1.37,0.00,-4.39,0.00,0.00,0.00
6710.00,16800.00,393.00,0.63,0.00,3.74,0.00,0.00,1.60
6710.00,16800.00,394.00,0.11,0.00,4.18,-0.04,0.00,1.82
6710.00,16800.00,395.00,1.72,0.00,-9.10,-0.02,0.00,-2.01
6710.00,16800.00,396.00,3.80,0.00,1.88,-0.07,0.00,1.59
6710.00,16800.00,398.00,2.01,0.00,-1.34,-0.14,0.00,-1.72
6710.00,16800.00,399.00,1.24,0.00,-0.94,-0.03,0.00,-1.82
6710.00,16800.00,400.00,1.09,0.00,3.18,-0.09,0.00,0.02
6720.00,16800.00,361.00,-1.24,0.00,-6.36,-0.58,0.00,0.25
6720.00,16800.00,391.00,2.99,0.00,-2.57,0.07,0.00,0.48
6720.00,16800.00,396.00,3.67,0.00,2.50,-0.17,0.00,1.41
6720.00,16800.00,398.00,1.96,0.00,-2.03,-0.10,0.00,-1.73
6720.00,16800.00,399.00,1.23,0.00,-1.68,-0.03,0.00,-1.85
6720.00,16800.00,361.00,-1.46,0.00,-6.30,-0.16,0.00,-0.17
6720.00,16800.00,396.00,3.66,0.00,3.01,-0.02,0.00,1.26
6720.00,16800.00,398.00,1.94,0.00,-2.72,-0.03,0.00,-1.79
6720.00,16800.00,399.00,1.21,0.00,-2.42,-0.01,0.00,-1.90
6720.00,16800.00,401.00,2.84,0.00,-2.22,-1.06,0.00,0.63
6720.00,16800.00,361.00,-1.37,0.00,-6.49,0.22,0.00,-0.48
6720.00,16800.00,398.00,1.93,0.00,-3.46,0.08,0.00,-1.85
6720.00,16800.00,399.00,1.22,0.00,-3.20,0.03,0.00,-1.91
6720.00,16800.00,401.00,2.42,0.00,-1.97,-1.10,0.00,0.71
6730.00,16800.00,398.00,2.00,0.00,-4.20,0.15,0.00,-1.88
6730.00,16800.00,399.00,1.24,0.00,-3.94,0.08,0.00,-1.89
6730.00,16800.00,401.00,1.96,0.00,-1.65,-1.15,0.00,0.79
6730.00,16800.00,398.00,2.05,0.00,-4.96,0.23,0.00,-2.11
6730.00,16800.00,399.00,1.29,0.00,-4.71,-0.02,0.00,-1.98
6740.00,16800.00,398.00,2.19,0.00,-5.89,0.35,0.00,-2.05
6740.00,16800.00,399.00,1.22,0.00,-5.53,0.11,0.00,-1.82
6740.00,16900.00,398.00,2.33,0.00,-6.60,0.21,0.00,-1.66
6740.00,16900.00,399.00,1.38,0.00,-6.16,0.25,0.00,-1.75
6740.00,16900.00,398.00,2.35,0.00,-7.22,0.18,0.00,-1.65
6740.00,16900.00,399.00,1.43,0.00,-6.93,0.11,0.00,-1.89
6750.00,16900.00,398.00,2.48,0.00,-7.92,0.20,0.00,-1.78
6750.00,16900.00,399.00,1.46,0.00,-7.68,0.13,0.00,-1.89
6750.00,16900.00,398.00,2.51,0.00,-8.64,0.09,0.00,-1.80
6750.00,16900.00,399.00,1.53,0.00,-8.44,0.17,0.00,-1.92
6900.00,17300.00,402.00,2.23,0.00,-1.39,0.02,0.00,-1.34
6900.00,17300.00,403.00,3.02,0.00,-1.18,0.10,0.00,-1.44
6900.00,17300.00,404.00,1.93,0.00,-8.31,0.12,0.00,1.39
6900.00,17300.00,405.00,1.42,0.00,-8.06,-0.11,0.00,1.42
6910.00,17300.00,402.00,2.24,0.00,-1.93,0.05,0.00,-1.27
6910.00,17300.00,403.00,3.07,0.00,-1.76,0.13,0.00,-1.29
6910.00,17300.00,404.00,1.97,0.00,-7.75,-0.01,0.00,1.45
6910.00,17300.00,405.00,1.38,0.00,-7.49,0.14,0.00,1.30
6910.00,17300.00,402.00,2.27,0.00,-2.41,0.23,0.00,-1.24
6910.00,17300.00,403.00,3.13,0.00,-2.22,0.07,0.00,-1.24
6910.00,17300.00,404.00,1.92,0.00,-7.15,0.12,0.00,1.41
6910.00,17300.00,405.00,1.53,0.00,-7.02,0.09,0.00,1.25
6920.00,17300.00,402.00,2.42,0.00,-2.92,0.32,0.00,-1.25
6920.00,17300.00,403.00,3.12,0.00,-2.75,0.00,0.00,-1.30
6920.00,17300.00,404.00,2.07,0.00,-6.62,0.23,0.00,1.33
6920.00,17300.00,405.00,1.45,0.00,-6.49,-0.18,0.00,1.39
6920.00,17300.00,402.00,2.52,0.00,-3.41,0.13,0.00,-1.30
6920.00,17300.00,403.00,3.13,0.00,-3.26,0.06,0.00,-1.31
6920.00,17300.00,404.00,2.10,0.00,-6.08,-0.16,0.00,1.34
6920.00,17300.00,405.00,1.39,0.00,-5.90,0.01,0.00,1.43
6920.00,17300.00,402.00,2.53,0.00,-3.96,0.08,0.00,-1.39
6920.00,17300.00,403.00,3.17,0.00,-3.79,0.12,0.00,-1.07
6920.00,17300.00,404.00,1.95,0.00,-5.55,-0.23,0.00,1.32
6920.00,17300.00,405.00,1.46,0.00,-5.35,-0.16,0.00,1.42
6930.00,17300.00,402.00,2.59,0.00,-4.52,0.15,0.00,-1.40
6930.00,17300.00,403.00,3.23,0.00,-4.11,0.14,0.00,-0.80
6930.00,17300.00,404.00,1.92,0.00,-5.03,-0.07,0.00,1.30
6930.00,17300.00,405.00,1.27,0.00,-4.77,-0.48,0.00,1.45
7020.00,17600.00,408.00,0.99,0.00,-3.33,0.04,0.00,1.55
7020.00,17600.00,409.00,2.48,0.00,3.22,-0.28,0.00,-1.72
7020.00,17600.00,408.00,1.01,0.00,-2.71,0.06,0.00,1.57
7020.00,17600.00,409.00,2.37,0.00,2.53,-0.17,0.00,-1.79
7030.00,17600.00,408.00,1.04,0.00,-2.07,0.04,0.00,1.60
7030.00,17600.00,409.00,2.35,0.00,1.79,-0.15,0.00,-1.85
7030.00,17600.00,408.00,1.04,0.00,-1.43,-0.01,0.00,1.53
7030.00,17600.00,409.00,2.26,0.00,1.06,-0.10,0.00,-1.81
7040.00,17600.00,408.00,1.03,0.00,-0.85,0.02,0.00,1.52
7040.00,17600.00,409.00,2.27,0.00,0.34,-0.07,0.00,-1.77
7040.00,17600.00,410.00,3.70,0.00,-1.96,-0.03,0.00,1.17
7040.00,17600.00,411.00,3.63,0.00,-5.66,-0.02,0.00,1.32
7040.00,17600.00,408.00,1.05,0.00,-0.21,0.02,0.00,1.57
7040.00,17600.00,409.00,2.20,0.00,-0.36,-0.26,0.00,-1.77
7040.00,17600.00,410.00,3.69,0.00,-1.49,-0.01,0.00,1.05
7040.00,17600.00,411.00,3.62,0.00,-5.13,-0.02,0.00,1.37
7040.00,17600.00,408.00,1.05,0.00,0.41,0.04,0.00,1.49
7040.00,17600.00,409.00,2.06,0.00,-1.07,-0.22,0.00,-1.83
7040.00,17600.00,410.00,3.69,0.00,-1.12,-0.30,0.00,1.04
7040.00,17600.00,411.00,3.61,0.00,-4.57,0.01,0.00,1.37
7050.00,17600.00,408.00,1.08,0.00,0.98,0.11,0.00,1.53
7050.00,17600.00,409.00,2.02,0.00,-1.82,-0.22,0.00,-1.91
7050.00,17600.00,410.00,3.45,0.00,-0.65,-0.34,0.00,1.12
7050.00,17600.00,411.00,3.62,0.00,-4.04,0.00,0.00,1.32
7050.00,17600.00,412.00,2.71,0.00,3.42,-0.31,0.00,-1.41
7050.00,17600.00,408.00,1.14,0.00,1.63,0.09,0.00,1.56
7050.00,17600.00,409.00,1.89,0.00,-2.60,-0.13,0.00,-1.95
7050.00,17600.00,410.00,3.42,0.00,-0.22,-0.05,0.00,1.08
7050.00,17600.00,411.00,3.62,0.00,-3.51,-0.02,0.00,1.32
7050.00,17600.00,412.00,2.59,0.00,2.85,-0.35,0.00,-1.46
7060.00,17600.00,408.00,1.15,0.00,2.23,0.13,0.00,1.45
7060.00,17600.00,409.00,1.92,0.00,-3.38,0.01,0.00,-1.92
7060.00,17600.00,410.00,3.40,0.00,0.21,-0.07,0.00,1.13
7060.00,17600.00,411.00,3.61,0.00,-2.98,0.00,0.00,1.22
7060.00,17600.00,412.00,2.43,0.00,2.25,-0.27,0.00,-1.50
7060.00,17700.00,408.00,1.24,0.00,2.79,0.22,0.00,1.41
7060.00,17700.00,409.00,1.90,0.00,-4.13,-0.03,0.00,-1.89
7060.00,17700.00,410.00,3.36,0.00,0.69,-0.05,0.00,1.11
7060.00,17700.00,411.00,3.62,0.00,-2.53,0.00,0.00,1.22
7060.00,17700.00,412.00,2.38,0.00,1.65,-0.20,0.00,-1.47
7060.00,17700.00,409.00,1.89,0.00,-4.89,0.06,0.00,-1.90
7060.00,17700.00,410.00,3.36,0.00,1.10,-0.04,0.00,1.01
7060.00,17700.00,411.00,3.61,0.00,-2.00,-0.02,0.00,1.30
7060.00,17700.00,412.00,2.27,0.00,1.07,-0.29,0.00,-1.46
7070.00,17700.00,409.00,1.94,0.00,-5.65,0.06,0.00,-1.93
7070.00,17700.00,410.00,3.33,0.00,1.49,-0.24,0.00,0.94
7070.00,17700.00,411.00,3.60,0.00,-1.50,-0.01,0.00,1.10
7070.00,17700.00,412.00,2.15,0.00,0.48,-0.18,0.00,-1.50
7070.00,17700.00,409.00,1.94,0.00,-6.43,-0.04,0.00,-2.04
7070.00,17700.00,410.00,3.17,0.00,1.85,-0.23,0.00,0.67
7070.00,17700.00,411.00,3.60,0.00,-1.12,0.13,0.00,0.81
7070.00,17700.00,412.00,2.13,0.00,-0.13,-0.08,0.00,-1.52
7080.00,17700.00,409.00,1.91,0.00,-7.29,0.03,0.00,-1.90
7080.00,17700.00,410.00,3.14,0.00,2.03,-0.07,0.00,0.45
7080.00,17700.00,411.00,3.71,0.00,-0.85,0.26,0.00,0.70
7080.00,17700.00,412.00,2.08,0.00,-0.74,-0.11,0.00,-1.50
7080.00,17700.00,409.00,1.96,0.00,-7.95,0.02,0.00,-1.80
7080.00,17700.00,412.00,2.05,0.00,-1.33,-0.04,0.00,-1.48
7080.00,17700.00,409.00,1.92,0.00,-8.73,-0.11,0.00,-1.95
7080.00,17700.00,412.00,2.05,0.00,-1.92,-0.13,0.00,-1.52
7090.00,17700.00,412.00,1.95,0.00,-2.54,-0.22,0.00,-1.46
7090.00,17700.00,412.00,1.88,0.00,-3.09,-0.15,0.00,-1.45
7100.00,17700.00,412.00,1.83,0.00,-3.71,-0.16,0.00,-1.58
7100.00,17800.00,412.00,1.75,0.00,-4.36,-0.04,0.00,-1.62
7100.00,17800.00,413.00,0.67,0.00,-9.37,0.09,0.00,1.57
7100.00,17800.00,412.00,1.79,0.00,-5.00,-0.07,0.00,-1.67
7100.00,17800.00,413.00,0.71,0.00,-8.74,0.09,0.00,1.54
7110.00,17800.00,412.00,1.70,0.00,-5.69,-0.18,0.00,-1.61
7110.00,17800.00,413.00,0.74,0.00,-8.13,0.13,0.00,1.51
7110.00,17800.00,414.00,2.78,0.00,-10.00,-0.25,0.00,1.35
7110.00,17800.00,412.00,1.65,0.00,-6.29,-0.01,0.00,-1.45
7110.00,17800.00,413.00,0.81,0.00,-7.53,0.20,0.00,1.48
7110.00,17800.00,414.00,2.68,0.00,-9.51,-0.19,0.00,1.45
7120.00,17800.00,412.00,1.69,0.00,-6.85,-0.04,0.00,-1.48
7120.00,17800.00,413.00,0.90,0.00,-6.95,0.25,0.00,1.50
7120.00,17800.00,414.00,2.63,0.00,-8.89,-0.02,0.00,1.67
7120.00,17800.00,412.00,1.62,0.00,-7.47,-0.22,0.00,-1.54
7120.00,17800.00,413.00,1.01,0.00,-6.33,0.34,0.00,1.53
7120.00,17800.00,414.00,2.67,0.00,-8.18,0.00,0.00,1.74
7120.00,17800.00,415.00,2.19,0.00,1.48,-0.04,0.00,-1.48
7120.00,17800.00,412.00,1.51,0.00,-8.08,-0.18,0.00,-1.55
7120.00,17800.00,413.00,1.17,0.00,-5.72,0.44,0.00,1.50
7120.00,17800.00,414.00,2.63,0.00,-7.50,0.02,0.00,1.69
7120.00,17800.00,415.00,2.17,0.00,0.89,-0.10,0.00,-1.44
7130.00,17800.00,412.00,1.48,0.00,-8.70,-0.18,0.00,-1.52
7130.00,17800.00,413.00,1.36,0.00,-5.14,0.43,0.00,1.46
7130.00,17800.00,414.00,2.68,0.00,-6.83,0.11,0.00,1.63
7130.00,17800.00,415.00,2.10,0.00,0.33,-0.17,0.00,-1.43
7130.00,17800.00,412.00,1.37,0.00,-9.30,-0.27,0.00,-1.50
7130.00,17800.00,413.00,1.52,0.00,-4.55,0.43,0.00,1.46
7130.00,17800.00,414.00,2.72,0.00,-6.20,0.07,0.00,1.65
7130.00,17800.00,415.00,2.04,0.00,-0.26,-0.24,0.00,-1.35
7140.00,17800.00,413.00,1.70,0.00,-3.97,0.43,0.00,1.48
7140.00,17800.00,414.00,2.74,0.00,-5.50,0.14,0.00,1.72
7140.00,17800.00,415.00,1.92,0.00,-0.75,-0.40,0.00,-1.31
7140.00,17900.00,413.00,1.86,0.00,-3.37,0.50,0.00,1.51
7140.00,17900.00,414.00,2.83,0.00,-4.82,0.09,0.00,1.65
7140.00,17900.00,415.00,1.72,0.00,-1.30,-0.36,0.00,-1.47
7140.00,17900.00,413.00,2.10,0.00,-2.76,0.52,0.00,1.53
7140.00,17900.00,414.00,2.81,0.00,-4.19,-0.01,0.00,1.58
7140.00,17900.00,415.00,1.63,0.00,-1.93,-0.36,0.00,-1.47
7150.00,17900.00,413.00,2.28,0.00,-2.15,0.38,0.00,1.54
7150.00,17900.00,414.00,2.82,0.00,-3.56,0.11,0.00,1.64
7150.00,17900.00,415.00,1.43,0.00,-2.48,-0.45,0.00,-1.42
7150.00,17900.00,413.00,2.41,0.00,-1.53,0.32,0.00,1.59
7150.00,17900.00,414.00,2.90,0.00,-2.88,0.01,0.00,1.43
7150.00,17900.00,415.00,1.27,0.00,-3.06,-0.29,0.00,-1.47
7150.00,17900.00,416.00,1.62,0.00,1.63,-0.12,0.00,-1.22
7160.00,17900.00,413.00,2.53,0.00,-0.88,0.27,0.00,1.59
7160.00,17900.00,414.00,2.83,0.00,-2.42,-0.12,0.00,1.15
7160.00,17900.00,415.00,1.20,0.00,-3.66,-0.23,0.00,-1.51
7160.00,17900.00,416.00,1.58,0.00,1.14,-0.03,0.00,-1.29
7160.00,17900.00,413.00,2.62,0.00,-0.26,0.27,0.00,1.54
7160.00,17900.00,414.00,2.80,0.00,-1.96,-0.03,0.00,1.18
7160.00,17900.00,415.00,1.09,0.00,-4.27,-0.14,0.00,-1.57
7160.00,17900.00,416.00,1.60,0.00,0.60,-0.03,0.00,-1.36
7160.00,17900.00,413.00,2.75,0.00,0.35,0.33,0.00,1.52
7160.00,17900.00,414.00,2.81,0.00,-1.47,-0.07,0.00,1.26
7160.00,17900.00,415.00,1.09,0.00,-4.91,-0.01,0.00,-1.48
7160.00,17900.00,416.00,1.55,0.00,0.05,-0.05,0.00,-1.31
7170.00,17900.00,413.00,2.89,0.00,0.96,0.35,0.00,1.49
7170.00,17900.00,414.00,2.75,0.00,-0.95,-0.08,0.00,1.44
7170.00,17900.00,415.00,1.08,0.00,-5.45,-0.03,0.00,-1.46
7170.00,17900.00,416.00,1.56,0.00,-0.45,0.00,0.00,-1.32
7170.00,17900.00,417.00,3.70,0.00,-1.00,-0.42,0.00,-1.26
7170.00,17900.00,413.00,3.03,0.00,1.54,0.44,0.00,1.44
7170.00,17900.00,414.00,2.75,0.00,-0.32,0.04,0.00,1.54
7170.00,17900.00,415.00,1.06,0.00,-6.08,0.10,0.00,-1.57
7170.00,17900.00,416.00,1.55,0.00,-1.00,-0.08,0.00,-1.38
7170.00,17900.00,417.00,3.53,0.00,-1.51,-0.44,0.00,-1.21
7170.00,17900.00,418.00,3.69,0.00,-4.77,-0.34,0.00,1.16
7180.00,17900.00,413.00,3.24,0.00,2.11,0.60,0.00,1.58
7180.00,17900.00,414.00,2.78,0.00,0.29,0.02,0.00,1.54
7180.00,17900.00,415.00,1.16,0.00,-6.71,0.08,0.00,-1.54
7180.00,17900.00,416.00,1.50,0.00,-1.55,-0.05,0.00,-1.39
7180.00,17900.00,417.00,3.34,0.00,-1.97,-0.57,0.00,-1.08
7180.00,17900.00,418.00,3.56,0.00,-4.31,-0.22,0.00,1.27
7180.00,17900.00,419.00,3.36,0.00,-9.64,-0.05,0.00,1.63
7180.00,18000.00,413.00,3.51,0.00,2.80,0.68,0.00,1.73
7180.00,18000.00,414.00,2.76,0.00,0.92,0.06,0.00,1.54
7180.00,18000.00,415.00,1.12,0.00,-7.31,0.01,0.00,-1.54
7180.00,18000.00,416.00,1.51,0.00,-2.11,-0.10,0.00,-1.41
7180.00,18000.00,417.00,3.07,0.00,-2.37,-0.51,0.00,-1.09
7180.00,18000.00,418.00,3.52,0.00,-3.75,0.32,0.00,1.33
7180.00,18000.00,419.00,3.34,0.00,-8.99,-0.09,0.00,1.68
7180.00,18000.00,414.00,2.83,0.00,1.51,0.17,0.00,1.49
7180.00,18000.00,415.00,1.16,0.00,-7.94,0.10,0.00,-1.49
7180.00,18000.00,416.00,1.42,0.00,-2.68,-0.17,0.00,-1.35
7180.00,18000.00,417.00,2.93,0.00,-2.84,-0.29,0.00,-1.24
7180.00,18000.00,418.00,3.81,0.00,-3.24,0.53,0.00,1.14
7180.00,18000.00,419.00,3.29,0.00,-8.29,-0.02,0.00,1.75
7190.00,18000.00,414.00,2.90,0.00,2.11,0.17,0.00,1.49
7190.00,18000.00,415.00,1.21,0.00,-8.51,0.11,0.00,-1.42
7190.00,18000.00,416.00,1.37,0.00,-3.20,-0.10,0.00,-1.39
7190.00,18000.00,417.00,2.83,0.00,-3.36,-0.32,0.00,-1.29
7190.00,18000.00,418.00,3.94,0.00,-2.84,0.20,0.00,1.22
7190.00,18000.00,419.00,3.33,0.00,-7.59,0.05,0.00,1.72
7190.00,18000.00,416.00,1.34,0.00,-3.79,-0.13,0.00,-1.46
7190.00,18000.00,417.00,2.68,0.00,-3.88,-0.28,0.00,-1.33
7190.00,18000.00,418.00,3.97,0.00,-2.26,0.00,0.00,1.22
7190.00,18000.00,419.00,3.33,0.00,-6.92,0.00,0.00,1.67
7200.00,18000.00,416.00,1.27,0.00,-4.37,-0.08,0.00,-1.40
7200.00,18000.00,417.00,2.61,0.00,-4.42,-0.14,0.00,-1.35
7200.00,18000.00,418.00,3.93,0.00,-1.87,-0.08,0.00,0.98
7200.00,18000.00,419.00,3.33,0.00,-6.25,0.02,0.00,1.67
7200.00,18000.00,416.00,1.28,0.00,-4.91,-0.01,0.00,-1.38
7200.00,18000.00,417.00,2.57,0.00,-4.95,-0.16,0.00,-1.30
7200.00,18000.00,419.00,3.35,0.00,-5.58,-0.04,0.00,1.70
7200.00,18000.00,416.00,1.26,0.00,-5.47,-0.08,0.00,-1.35
7200.00,18000.00,417.00,2.48,0.00,-5.46,-0.07,0.00,-1.31
7200.00,18000.00,419.00,3.29,0.00,-4.89,-0.06,0.00,1.73
7200.00,18000.00,420.00,3.50,0.00,-8.66,0.04,0.00,1.52
7210.00,18000.00,416.00,1.22,0.00,-5.99,-0.05,0.00,-1.35
7210.00,18000.00,417.00,2.51,0.00,-6.00,0.09,0.00,-1.37
7210.00,18000.00,419.00,3.29,0.00,-4.20,0.00,0.00,1.72
7210.00,18000.00,420.00,3.52,0.00,-8.05,0.10,0.00,1.54
7210.00,18000.00,416.00,1.22,0.00,-6.55,-0.08,0.00,-1.38
7210.00,18000.00,417.00,2.55,0.00,-6.56,0.04,0.00,-1.37
7210.00,18000.00,419.00,3.30,0.00,-3.51,-0.02,0.00,1.74
7210.00,18000.00,420.00,3.59,0.00,-7.43,0.11,0.00,1.57
7220.00,18000.00,416.00,1.15,0.00,-7.09,-0.09,0.00,-1.28
7220.00,18000.00,417.00,2.54,0.00,-7.09,0.08,0.00,-1.45
7220.00,18000.00,419.00,3.28,0.00,-2.80,0.07,0.00,1.76
7220.00,18000.00,420.00,3.60,0.00,-6.80,0.04,0.00,1.54
7220.00,18100.00,416.00,1.15,0.00,-7.57,-0.03,0.00,-1.33
7220.00,18100.00,417.00,2.62,0.00,-7.72,0.19,0.00,-1.50
7220.00,18100.00,419.00,3.35,0.00,-2.11,0.09,0.00,1.73
7220.00,18100.00,420.00,3.62,0.00,-6.19,0.01,0.00,1.54
7220.00,18100.00,416.00,1.13,0.00,-8.16,-0.03,0.00,-1.46
7220.00,18100.00,417.00,2.70,0.00,-8.30,0.19,0.00,-1.45
7220.00,18100.00,419.00,3.35,0.00,-1.42,0.00,0.00,1.71
7220.00,18100.00,420.00,3.62,0.00,-5.56,-0.01,0.00,1.57